STARTING: 2017-02-28 00:00:00
ENDING: 2017-07-31 00:00:00
---------------------STARTED----------------------


started date range: 2017-02-27 00:00:00-2017-04-01 00:00:00
https://twitter.com/search?l=&q=from%3ArealDonaldTrump%20since%3A2017-02-27%20until%3A2017-04-01&src=typd&lang=en
847895524632129536
847270189171228672
844010257454153729
845247455868391425
845628655493677056
847201455165624320
847924397180583937
846166053663191040
847573220417044480
844930836663357440
845645916732358656
846841493952319489
844536536930619393
845249587178819584
846537639167713281
845766504608120833
847625389908217856
844723847094026242
845974102619906048
847061031293779969
844240534562594817
846828561491202048
844943801848414209
847455180912181249
847558426557337600
847236476815511552
847559519085379584
844232766711648256
845334323045765121
845320243614547968
847819720418111488
846543183223963649
847878820220858369
846682464215076866
844250273740738562
847573358912974849
847863243200753666
844886082663698436
847766558520856578
846533818811080704
846672219073863681
845037368386207746
847056211006631936
845646761704243200
847435163143454723
846745288735887360
846854703183020032
847559239149158401
846536212362018816
847867380562894848
843961248811225089
843873596963459072
843813078076719107
843803115044454402
843779892776964097
843776582825267201
843772976151642112
843557782666317826
843090516283723776
843088518339612673
842762240184999936
842739155230740481
842724011234791424
842710123852320770
842506649122279425
842494190990901248
842467917639913472
842403173742579714
842229104434913280
842164356297175040
842154802058543105
842117164144431104
841985915778142209
841974528683192320
841970726341074945
841967881516679168
841966077005463553
841683431398469632
841665325682827265
841422186573369345
841392683625172992
841338126316511233
841275470796738560
841270741060464648
840572799202783233
840225958854561792
839968149890076672
839883804315684864
839625347524096000
839624377826230272
839448469374894080
839433951957696513
839433678275153921
839268048313929729
839116941956640768
839110000870109184
839108868584124417
839101660886614016
839086723552411648
839084268991229952
838960097674002432
838959869772328960
838899465390018560
838862312685637640
838861512999649286
838441522546769923
838353481526312961
838351476401520640
838016045222854656
837996746236182529
837994257566863360
837993273679560704
837991759045079040
837989835818287106
837987684660412416
837787963027144706
837770149767827456
837766616603586560
837722869106880517
837704599704375296
837638488656920576
837633820417482754
837492425283219458
837491607171629057
837489578193846278
837488402438176769
837256338203881472
836933725602656256
836753422271582208
836750538943377408
836406328369242113
delete and reinsert: 836406328369242113
836332166728527872
delete and reinsert: 836332166728527872
836261209540288513
delete and reinsert: 836261209540288513
ended date range: 2017-02-27 00:00:00-2017-04-01 00:00:00





started date range: 2017-03-30 00:00:00-2017-05-01 00:00:00
https://twitter.com/search?l=&q=from%3ArealDonaldTrump%20since%3A2017-03-30%20until%3A2017-05-01&src=typd&lang=en
858100088253669376
856147612952612864
856928555179143168
856234989591121922
856557986474491904
857185261029126144
857335793261568000
856849388026687492
857246245672366081
857555256003227648
857931397562085376
857604537003200512
857182179469774848
858659215451271168
856233279841849344
856150719656755200
857552956836786177
856847826663460865
858086278037950464
858653541094879232
856830933709750272
856606707463725057
856531163799859201
856556220911681539
857670562478518273
857726884045496325
858148882756325379
857360510534209536
856146924705120256
858654431956672512
858645405252374528
856172056932700164
856481786938916865
857180178736459776
857604808676708353
857711651952500737
858343980823703553
857605104417026049
857604709829529601
857557522584088576
858660413873025024
857177434210304001
857605018266062848
858375278686613504
856171332521820165
856484873133060101
857370270776086528
857295731929034753
857014413081137154
857604623531749376
ended date range: 2017-03-30 00:00:00-2017-05-01 00:00:00





started date range: 2017-04-29 00:00:00-2017-06-01 00:00:00
https://twitter.com/search?l=&q=from%3ArealDonaldTrump%20since%3A2017-04-29%20until%3A2017-06-01&src=typd&lang=en
867801005018230786
869503804307275776
870008165827575808
868840252227674113
868501243823575040
869166145894535169
869902591005741056
869874798087819264
867047119974170625
869170351049240576
869865463584620544
869903459511918592
868441116726710272
868799536420065281
868407229380268033
868801710038372352
869170615881793536
868807754231820291
869858333477523458
868047480847568896
865957909565366272
867834190078906370
868205058743250944
867354520526872576
866334629036384256
868810404335673344
867044286352809984
868807327130025984
865865814099939328
868406076995235840
867874154497937408
866749195297976320
868201805934678017
868981969664843777
869164414662049793
868047612301148160
866988278184116224
868502563347451904
868985285207629825
868517059407335424
869509894688387072
868810522942164993
868979531641741313
867043258932875264
867473100434161664
869867413776601088
869553853750013953
868501423566315520
870035383458963456
866411249092902912
865573793531478017
865387523371143168
865337513245913089
865207118785372160
865173176854204416
864942610191978496
864565791076872192
864511331029921792
864452996129853444
864436162567471104
864296272844529664
864207293289771012
863774341921742848
863468271668002817
863452412459307009
863194069891031041
863140961114886144
863020954427043840
863014620516233216
863007411132649473
863002719400976384
863000553265270786
862999243560288256
862998775731818496
862788002594127873
862767872879325185
862758098892619780
862753016193089536
862752672683839488
862460991451344896
862387734492663808
862290442129461249
862286091759611905
862282202188566529
862267781336752128
862265729718128641
862263649821503489
862135824745467905
862059314277748736
861993986436866049
861715019674910721
861713823505494016
861713233786404864
861712617299210240
861637456281690113
861592420043157504
861550676505219073
861544307043467264
861354654856249344
861300169438113793
861201362834665472
861177649179373569
860987464114110465
860638890570416132
860637673744195584
860635815277453313
860580764944969728
860577873060651008
860573284462669824
860479885566980096
860477328882905089
860377543878348800
860326946147840001
860194183797243904
860191508619722752
860188065758838785
860153543151542272
860108914624532480
860088511202029569
860087334519414784
860083874893897728
860081707315232771
859874689442775045
859604996236742656
859601184285491201
859514893418082310
859393829505552385
859392449181093888
859209801175269376
859143061678501892
859127705366921216
858660413873025024
delete and reinsert: 858660413873025024
858659215451271168
delete and reinsert: 858659215451271168
858654431956672512
delete and reinsert: 858654431956672512
858653541094879232
delete and reinsert: 858653541094879232
858645405252374528
delete and reinsert: 858645405252374528
858375278686613504
delete and reinsert: 858375278686613504
858148882756325379
delete and reinsert: 858148882756325379
ended date range: 2017-04-29 00:00:00-2017-06-01 00:00:00





started date range: 2017-05-30 00:00:00-2017-07-01 00:00:00
https://twitter.com/search?l=&q=from%3ArealDonaldTrump%20since%3A2017-05-30%20until%3A2017-07-01&src=typd&lang=en
880540637358981120
880410114456465411
880737163247267840
878717095701336064
879324620159160322
880192282254872576
880469342835666944
879678356450676736
879320905608044544
879828637733793793
878711517537083392
879827411008974852
879648931172556802
880017678978736129
880402366373269504
880553561008078848
878596457741287424
878725385235701761
880739852286918656
879326984794517507
880563788705148928
880170602690215936
880771685460344832
880919871353217024
880158771762286592
880489358431850496
880892632142143490
880853246126022656
880408582310776832
880508977590697984
878365166538285057
880175585418465284
879323238425395200
880172859108331520
879405223399350272
880049704620494848
879317636164841474
879682547235651584
880559961855729664
880015261004435456
879527520957325314
879315860178993152
880534684479897600
879525817361068032
880602793341591552
878413313188802560
878715504063643648
880242238000955392
878946025662296064
ended date range: 2017-05-30 00:00:00-2017-07-01 00:00:00





started date range: 2017-06-29 00:00:00-2017-08-01 00:00:00
https://twitter.com/search?l=&q=from%3ArealDonaldTrump%20since%3A2017-06-29%20until%3A2017-08-01&src=typd&lang=en
890197095151546369
890935044474380288
891334415347060736
891259245106278400
891263843908947969
891623821702295552
890931465885798400
891257113565163520
890533442135502849
891442016294494209
891440474132795392
891998881009061888
891260230876659713
892147656319004672
891040645581873152
890764622852173826
891038014314598400
891397134662193152
890207082926022656
890524387773997056
890687451156631555
889972487844491265
891437168798965761
890650237060120576
890971233159962624
890060370861334529
890705628716466176
890069204082151424
891253798500487168
890642377131515904
890162144884514820
890314337696579584
890968428370153472
890361489126805504
891343645529567232
891039237319143424
890193981585444864
890566339462672385
890260758050856961
891332290474848257
891996053611917312
889929412539543552
889925142675062784
890196164313833472
890820505330212864
890208319566229504
890168183079960576
891087485111087104
891261878005092353
890568797941362690
ended date range: 2017-06-29 00:00:00-2017-08-01 00:00:00



----------------------ENDED-----------------------
