STARTING: 2017-07-31 00:00:00
ENDING: 2017-10-31 00:00:00
---------------------STARTED----------------------


started date range: 2017-07-30 00:00:00-2017-09-01 00:00:00
https://twitter.com/search?l=&q=from%3ArealDonaldTrump%20since%3A2017-07-30%20until%3A2017-09-01&src=typd&lang=en
901804388649500672
901044579750825985
900714982823821313
900708110330978304
901263061511794688
901942677461229569
901032475111116800
902881712010653697
900695448465399809
901791391130554370
901031532164468736
902885560552960000
900706146943717377
900802642779267077
901259509632573440
901797906046439426
903059975437733888
901411986302488576
902875515534626817
901814456505831424
900875799292776448
901407059547226112
900488148194516992
903348312421670912
901112569322237952
901161964994539520
900768072503623680
901772550405070848
901305065885114368
901404330024218624
902507855584092160
901816453736919040
901782823522185218
902503724274331653
900521251768213505
901777333513854976
901205593054162945
901108572041433089
902978901223366656
901188228174184448
901190479798312961
901531320052051971
900694112940290049
901802524981817344
901579350662938624
901057864516734978
901795255086968833
900708017909506048
902889225061896196
901029770401546243
ended date range: 2017-07-30 00:00:00-2017-09-01 00:00:00





started date range: 2017-08-30 00:00:00-2017-10-01 00:00:00
https://twitter.com/search?l=&q=from%3ArealDonaldTrump%20since%3A2017-08-30%20until%3A2017-10-01&src=typd&lang=en
914089003745468417
914208123564494850
912997506900021248
914227642131509248
914090947180470272
913757869627133953
912836917296877569
914089888596754434
914260261304860672
913892019847778305
914214237584674816
913760243770896389
914210813237489666
914096428879933440
914255264282480640
913403237033742336
913821956625059840
914216744385904640
913589799411490817
912994446219898880
913888647631577088
913488283321159680
913856413541138432
912809860965613568
912825663694016522
913550237377138688
914217117695795201
914099295963553792
914252271982178306
914189344533024768
913004378486984704
913549374227181568
914269704440737792
914094625488502784
913034591879024640
913902084461916161
913117797231857664
914217658517737472
913003340451188737
913724766208610304
912863676792786946
913723771336392704
914217477495717889
913554705816711168
913035855509491712
914087234869047296
913187235452690432
913220484640182272
913371663789625344
ended date range: 2017-08-30 00:00:00-2017-10-01 00:00:00





started date range: 2017-09-29 00:00:00-2017-11-01 00:00:00
https://twitter.com/search?l=&q=from%3ArealDonaldTrump%20since%3A2017-09-29%20until%3A2017-11-01&src=typd&lang=en
923876612013248512
924382919845666816
925440868575797252
923905540291522560
924249943719727104
925363340553211909
925424931390873602
924251519121346560
923976737788227584
925005659569041409
925006418989715456
925474979914887168
925490503218589696
925497025386500096
925394079982280704
923866849451888640
924635359480303616
924382752941756421
924414387343028224
924641278947622913
924056425298571265
923920535607828481
925388990177562625
924397489037430784
923894747793580033
925373392827666432
923871062072295427
923869147091451904
924022268929433600
923925428372492288
924011278804357120
924284026394959872
923866515358789633
924096747122634752
924400308834455552
925335577217683456
925447637708496897
924966722544848896
924649059520073730
925336826717593600
924382514613030912
923720632122200064
924963492645437441
923662988833427458
925364408364171265
925333956110757888
924639422066384896
924637600094326784
924625061100867584
924064610038272000
923566287263068161
923557515828310020
923552633633337344
923551572218572802
923546192511946752
923392161634275328
923365521847934976
923320000185847808
923312613584289792
923277142271684609
923272793457913857
923268967728386049
923244308848881665
923237600009342978
923212567232774145
923165619868131329
923150966551171073
923149793974775810
923149037523566592
923147501418446849
922951009277825024
922903426434064384
922833943749103621
922830229525225477
922828476872318976
922817539251556353
922799981874089985
922798321739161600
922603042796654592
922440008971292672
922430688703451136
922428118685581313
922072236592435200
922070659093671936
922067676708638721
921891186352287744
921889525881819136
921888248707846144
921871707564101632
921848853090983938
921829947093733376
921828280998744066
921780758372642816
921726400922619904
921724821939130369
921716470140325889
921709468055896064
921705862992887808
921524504836395008
921483820288921601
921448521617821701
921443729990397952
921323063945453574
921319017826091008
921317883321430016
921242760685998080
921209530628956161
921207772233990144
921189980843663360
921113816053755904
920988223362469891
920981920787386368
920972261032648705
920966294035451904
920847844759699456
920794597265088512
920783976784171008
920776302231244800
920751863426842625
920733077349064707
920716270395371521
920695565578592256
920667567030710272
920645935981613057
920611770775064576
920606910109356032
920604520572424193
920599916371693568
920597192666157057
920595564064100352
920474831749025795
920450535005851648
920425695507042305
920425069964349445
920408108194783232
920406959320371200
920363714062274560
920340060947574786
920322631412473856
920268091329859585
920069869365878785
919914000959397888
919910256624447493
919909494200528897
919908143475412993
919901190376259586
919900022409449474
919560102725738498
919554724512387072
919313707355787264
919162619889704961
919160558712172544
919012714827145216
919009334016856065
919007577681354752
919005534883328000
919003314674634752
918960024256434176
918901399080935424
918894502185787392
918885859230875649
918876603148652544
918808798059483136
918806396875010048
918797009133465600
918796079243677696
918772522983874561
918647067224035334
918630610167529472
918571860308254720
918523263554412544
918457595618365441
918432809282342912
918430769776914432
918428456869916672
918417002733154305
918275261011038210
918267396493922304
918257107182473216
918227740700102657
918224393062551552
918201878479073280
918112884630093825
918110279367643137
918065431939829760
918062778522505216
918061437750267904
918060313748164608
918058910673760258
917923131003719681
917921548677328896
917894963832246272
917734186848579584
917724872905777155
917701841466593280
917698839846576130
917695847063805952
917694644481413120
917568245854605313
917458408927842305
917345200414035969
917341511754436609
917177470532636672
917172144710103040
917130468025348096
917114761057357824
917091286607433728
917030148867682304
917029060471152640
917026789188399105
917024076165734401
916780428253687808
916763438805848066
916751271960436737
916750042014404608
916747884716011521
916665576940097536
916655548623413248
916638685914951680
916635236238274561
916634286811435008
916622087606980609
916620603741868032
916120435762266114
915907150333009920
915896809536589824
915894251967385600
915890821228048385
915890389269254145
915745470689005573
915722355757985792
915604746936967168
915596990674849792
915589297096536065
915539424406114304
915523382686478337
915379231454003200
915371086249971712
915351470354108417
915335645719121920
915326171063242752
915179824012042241
914810093874671617
914661855947366406
914565910798782465
914497947517227008
914497877543735296
914467502251528192
914466534365569025
914465475777695744
914310901855129601
914269704440737792
delete and reinsert: 914269704440737792
914260261304860672
delete and reinsert: 914260261304860672
914255264282480640
delete and reinsert: 914255264282480640
914252271982178306
delete and reinsert: 914252271982178306
914227642131509248
delete and reinsert: 914227642131509248
914217658517737472
delete and reinsert: 914217658517737472
914217477495717889
delete and reinsert: 914217477495717889
914217117695795201
delete and reinsert: 914217117695795201
914216744385904640
delete and reinsert: 914216744385904640
914214237584674816
delete and reinsert: 914214237584674816
914210813237489666
delete and reinsert: 914210813237489666
914208123564494850
delete and reinsert: 914208123564494850
914189344533024768
delete and reinsert: 914189344533024768
914099295963553792
delete and reinsert: 914099295963553792
914096428879933440
delete and reinsert: 914096428879933440
914094625488502784
delete and reinsert: 914094625488502784
914090947180470272
delete and reinsert: 914090947180470272
914089888596754434
delete and reinsert: 914089888596754434
914089003745468417
delete and reinsert: 914089003745468417
914087234869047296
delete and reinsert: 914087234869047296
913902084461916161
delete and reinsert: 913902084461916161
913892019847778305
delete and reinsert: 913892019847778305
913888647631577088
delete and reinsert: 913888647631577088
913856413541138432
delete and reinsert: 913856413541138432
913821956625059840
delete and reinsert: 913821956625059840
913760243770896389
delete and reinsert: 913760243770896389
913757869627133953
delete and reinsert: 913757869627133953
913724766208610304
delete and reinsert: 913724766208610304
913723771336392704
delete and reinsert: 913723771336392704
913589799411490817
delete and reinsert: 913589799411490817
913554705816711168
delete and reinsert: 913554705816711168
ended date range: 2017-09-29 00:00:00-2017-11-01 00:00:00



----------------------ENDED-----------------------
