





started date range: 2014-07-30 00:00:00-2014-09-01 00:00:00
https://twitter.com/search?l=&q=from%3ArealDonaldTrump%20since%3A2014-07-30%20until%3A2014-09-01&src=typd&lang=en
506186076202237952
504801600586911744
504646055183388672
504786176465960962
504737322538385408
505665868173680640
504823998396772352
504934079750754305
504935631907487744
505189570070478848
504802718004023298
505549159894888448
505004047301345280
506196759300038656
505413974083796992
505193790672764928
506057894622953472
505105064227536896
506198852933013504
506197526387908608
504783519626059776
505403115387236352
506200167406923777
506184017977556992
505095076817960960
506201919535448065
504738526425276417
506200516482048000
504781837009698816
505405547265679362
505403994525945856
504787900429778944
504800259374333952
504781383634788352
504716672226586624
504751742517788672
504781556024901633
504788496855597057
505411672753049602
505395776210886656
506201040304488449
504663675782045696
506200001123729408
504786511204986881
506201584557363200
504800762317508609
504801689405521920
504932676693139456
504734616566398976
505390785005895681
ended date range: 2014-07-30 00:00:00-2014-09-01 00:00:00





started date range: 2014-08-30 00:00:00-2014-10-01 00:00:00
https://twitter.com/search?l=&q=from%3ArealDonaldTrump%20since%3A2014-08-30%20until%3A2014-10-01&src=typd&lang=en
516382177798680576
516554060577927168
517029193616740353
517097817702412288
517030113637326848
516565872128061441
516619383129796609
516616818392571904
516603779819786241
516603715755986945
516661975292854273
516039701552431104
517050206475800576
516618416736964608
516831689369473024
516683266058096641
516837092882911232
516378949526761473
516378867859480576
516379210819338240
516616947967229952
516616683533115392
516662505318678528
516682752268447744
516987133794746368
516617066590527488
516538956067115008
516615738048925696
517006079264559105
516376142362976256
516378456989663232
517009888367869952
516688617696399360
517043965783453696
517045156826988544
516617203031236608
516895311353356288
516831913685049344
516549737668169728
516688133497565184
516682932841631746
516555506639728640
516626720007671808
516551912603545600
517043271068295169
516380501503119362
516625755292598272
516654927104720898
516555107895623680
516690257186934784
ended date range: 2014-08-30 00:00:00-2014-10-01 00:00:00





started date range: 2014-09-29 00:00:00-2014-11-01 00:00:00
https://twitter.com/search?l=&q=from%3ArealDonaldTrump%20since%3A2014-09-29%20until%3A2014-11-01&src=typd&lang=en
527558934903934977
527942274269708288
527561686593847296
527807802497306626
528215922784608256
527932576908853249
527561317654495232
528331784002740224
527867271595974656
527549330207817728
527557453756768257
527466006097457153
528284378989092864
527625710689878016
528175788861181952
528249571391340545
527890202673840128
528286220418564096
527845806888714241
528170772410286080
527911591644528641
527529637157810176
528202996837253120
527740105734488064
528183300775763968
528279814747475968
527893588915802112
527544512844136448
528287635484467200
527524470974849024
527627510448934912
528261277379203072
527884915124469760
527635093545033730
527924610164350977
527532675976790019
528218194151239680
527894042445881344
527916256591364096
527687663781167104
528242199184830464
527535834204233728
527539522347999234
527733516306747392
527869190943014912
528324828580052992
528324929079738368
527740195031248896
527733722746216448
527503020935094272
527397524001550336
527388136306143232
527385975128068096
527367090676973568
527366828113530880
527365255509585920
527364749303222272
527294458405339136
527294125549576193
527293685009248256
527293255269236736
527293123157049344
527292826129018880
527292603759620096
527292524155928577
527292487782912001
527292446901043201
527292290411540480
527292070160236544
527292032315060225
527291971682181120
527291679670554624
527291420844257282
527291032673996800
527290767300366336
527290139027181569
527247723196862464
527218425626898432
527193484449824768
527192983066927104
527161712118865921
527153009860808705
527122204912517120
527110542008549376
527106233804025856
527091010607022080
527088816528842752
527083103022776320
527067312730693632
527067194107367424
526887248995049472
526858197760765954
526841962482388993
526834514321240064
526814222559477760
526775024267853824
526763301985087488
526750627817603073
526742471557275648
526715304429506560
526714534124605441
526699083843788800
526698591625416704
526698475422244864
526698412826431488
526698157116522496
526697946923143171
526697918930362368
526697880300814338
526697587676831744
526697394923405312
526697223594467330
526696743522811904
526696670881644545
526689523720548352
526680859966189569
526549028096704512
526548823980924928
526548409222979584
526545255995539456
526525938688081920
526525524156612608
526494121671012352
526487750137368577
526356367851130880
526354895985971200
526353443582402560
526332546314174464
526179807848329216
526162421187371008
525927728395354112
525927320532840448
525746349699235840
525742989101252608
525741093485559808
525731303409590272
525727655094931458
525726653956501504
525718224659550210
525670712317452288
525635174877630464
525615931939368961
525615541516787712
525615230261690368
525615047180320768
525614978725056512
525499546689077249
525495434928988160
525492766366007296
525474609710510080
525472979443273728
525431218910027776
525427584717578241
525424121937948674
525379825507504129
525359230485016576
525321339146891264
525268350247923712
525267003637256192
525225115605544960
525223601373728768
525223446541004800
525223381629943808
525223198686990336
525222770083631104
525220944571535360
525220428298854400
525219851397517312
525219514792038401
525219463990640641
525217854489374721
525197822480904192
525026122770042880
525002407554871296
524997017530277889
524993240777637888
524987203345469441
524972419170455552
524963465904291840
524960640117780480
524950176914735104
524938979058384897
524918760462123008
524897413581271040
524888012522815488
524836291964575744
524715579048218624
524715369815355392
524714080100421632
524713749748666369
524708583150456832
524707073649827840
524705334485843968
524664778074365953
524642327454023680
524639857512308736
524584416468021250
524542079847104513
524539505752412160
524538066317615104
524520062242537472
524490506995531776
524486709904703488
524381069899218944
524380207801958401
524379984555962368
524354300185939969
524349133118001152
524348427698962432
524348331569713152
524348072189755394
524341167182589952
524340463709720576
524339523292258305
524339255280410624
524338665926180864
524335640352415744
524300314166296577
524293874274283521
524291025226178562
524283259212271616
524242923890950144
524207515295551488
524207421385101314
524173528367919104
524173207637884929
524171445593964544
524161647905341440
524161435203817472
524160559923867648
524159336231497729
524158146412302336
524157981685198848
524141730804027392
524141036151771136
523824605245743104
523785899264712705
523783171293601792
523778696269021184
523778023783686144
523777720854261762
523777642202689536
523777539756802048
523777047324524544
523776950788435969
523775993094602752
523774700984758272
523772638670618624
523741292048969731
523740677851840512
523739267596832770
523738474957254657
523738174242435072
523528960899284992
523274144616824832
523267978931208192
523267057497178112
523237015329193984
523214787178946560
523206147298562048
523204077539557376
523202157659848705
523198809166581760
523194743531249664
523191540051890176
523191424989536256
523171960877252608
523150857559617536
523146350376931330
523144417532997632
523131575916298240
523080635658035201
523080042507927552
523060745182134274
523060520879157248
523048196516638720
523047830702006273
523047733910065152
523047296444166144
523045394230820864
523044925471223808
523043905630375936
523042384477945856
522962906078785536
522962039153917952
522961948703735809
522913285256249345
522901858126692353
522897870891261952
522856096349057024
522854696663265282
522852077488185344
522841191801311234
522798794958974977
522721523208306688
522708329404321793
522707002662060032
522705928261763073
522705767624114176
522664117438775296
522662342652616704
522582158356283392
522579273874669568
522558305441693696
522558155465957376
522556596183134208
522553376866041857
522545886958989313
522544210759909376
522517324465979392
522516449567735808
522513214354235393
522492611916214272
522492098390790144
522478920072175617
522473999180513281
522469437426106369
522462346791636995
522456452494274562
522451446407892992
522446425511448577
522446213090902016
522427264399855616
522421300124729344
522421251084914688
522394479429689344
522352142771048448
522350030427291648
522349775845621760
522346777761300480
522117567352410113
522110155262263296
522108442514038784
522099412425007104
522080773776900097
522032800099500032
521894113223135233
521893686834364416
521877839856275456
521877787351973889
521877654203793408
521877511563902976
521876267193602048
521875972053041152
521875347248533505
521864980174766080
521862351218573312
521813597799067648
521760494022328320
521752689034952706
521746419469000704
521731699403923456
521720136722808832
521719442670354432
521705946331242496
521698460098387969
521674131042205697
521664842063564800
521664598168977408
521664525653643264
521651877352857600
521644794976927744
521643393920016384
521623956726743041
521623643257049088
521621408527687680
521614909977919488
521614765454802944
521614621149761536
521612267675455488
521478689838866432
521471391556960256
521470426812542976
521470241680130049
521470096171360256
521468551350468608
521468416549724160
521288438931546112
521286933973331968
521071355929063424
521069655772135424
521069525442527233
520897960717332480
520884578442297344
520883607913906176
520880274750857216
520877672059379713
520875698182172672
520874530269843457
520874387961290752
520821711655407617
520821561016999936
520800407120248833
520799853274988544
520799549263458304
520799292089708545
520799184220585984
520798944633565184
520798762068086785
520798663472578560
520798028803100673
520797694131179521
520797642683858944
520795337104326656
520794657593511937
520793887799926787
520793587119030272
520793374400720896
520793102223958016
520792844349755393
520792540359180288
520792336612466688
520790965632909313
520727992453332992
520727876765630464
520726829163094016
520726319420960768
520722344659390464
520721482650226688
520678904311599104
520674936135098369
520673979343077376
520673645501636609
520659370083098624
520647536445775872
520645692092862464
520584387541233664
520582858348699648
520582724533641216
520582698440884225
520565244947886080
520562911761424384
520562181616959488
520501358546653185
520501202325630976
520500851031674880
520500036657238016
520499143270490113
520499030489825280
520495085956632576
520490170349813760
520483054805340160
520376908253777922
520375475227471872
520322089312481280
520319201534152704
520315164235538433
520309358169972737
520303012292886528
520295375299567616
520249441828470785
520243592225652737
520238684948688896
520201280120455168
520198887853023233
520176318198317056
520173199536173058
520159518500876288
520158785542053888
520158109613170688
520158047558451200
520157962779000832
520157573027487744
520157360212692992
520157027809910784
520155076795830272
520154897225105408
520154766715154432
520154452452704257
520062102875439105
520060835004420096
520058215720321024
520057135196282881
520051908539846656
520035797580648448
520034529046958080
519962504211214337
519962130859429888
519957697530044417
519951103488573440
519947284394831872
519927979485691904
519921849707560960
519912794808795136
519866561591787520
519855729596190720
519850645990674432
519835388169711616
519826751758041088
519825943268179968
519824543377268737
519822933343363072
519822788732129280
519821779918155777
519600405941329920
519596423806222336
519596395242983424
519590827006636032
519589543348297728
519586178719563776
519582749850869760
519581037471756288
519579622082875392
519563465271541760
519546472275394560
519503190904287232
519461667986739201
519461493071687680
519460666735091712
519460162231611392
519457566708215808
519454515431739392
519453311427428352
519453220750770176
519451717411569664
519429014684184576
519267030676291584
519266743794302977
519266332316274688
519265838382456832
519224951703105536
519220791431667712
519217900423770112
519208188353470465
519196431442538496
519185795450949635
519167331810168833
519159376566059010
519158710791602176
519130691175731200
519120822678876160
519087983493124096
519087470374580224
519087052638650369
519068932976967680
518914430244229121
518886816251133953
518883913113300992
518882635972890625
518603355783200769
518603270248755200
518603085682573312
518601830126075905
518552645414690816
518551628581199872
518449173549830144
518424184008237056
518422485487079424
518421529504542720
518391676193484800
518156949490520064
517976017684934656
517975642718355456
517975547184709632
517975385422979072
517974636127334400
517974135352594432
517972940013707264
517972742269054976
517972575906172928
517972173676630017
517970875237564416
517863475331493889
517856118161551360
517854696216997892
517854384966107136
517846408712704002
517813341742714880
517807091067932672
517805743056359424
517637268824408064
517613167359574016
517610031265882112
517593925989961728
517593676290093056
517592369496326144
517506775487373312
517408125495046144
517402699797893120
517395760099643392
517391005281439744
517387434569777152
517356775058599938
517335435219968000
517301706045263872
517293224831234048
517264224352235520
517254712618672128
517213531406868480
517213339676856321
517211153156820992
517209654011920384
517209403704246272
517207618390351872
517206985004310530
517206704770252800
517206498423091200
517206258089484289
517205655871295488
517205509490114560
517205024884412417
517204233624748033
517204139982729216
517204087927209984
517203833827917824
517203729314222080
517203644543156224
517125528785276928
517110652675309569
517106917127507968
517104580682076161
517103975263662081
517097817702412288
517050206475800576
517045156826988544
517043965783453696
517043271068295169
517030113637326848
517029193616740353
517009888367869952
517006079264559105
516987133794746368
516895311353356288
516837092882911232
516831913685049344
516831689369473024
516690257186934784
516688617696399360
516688133497565184
516683266058096641
516682932841631746
516682752268447744
516662505318678528
516661975292854273
516654927104720898
516626720007671808
516625755292598272
516619383129796609
516618416736964608
516617203031236608
516617066590527488
516616947967229952
516616818392571904
516616683533115392
516615738048925696
516603779819786241
516603715755986945
516565872128061441
516555506639728640
516555107895623680
516554060577927168
516551912603545600
516549737668169728
516538956067115008
516382177798680576
516380501503119362
516379210819338240
516378949526761473
516378867859480576
516378456989663232
ended date range: 2014-09-29 00:00:00-2014-11-01 00:00:00





started date range: 2014-10-30 00:00:00-2014-12-01 00:00:00
https://twitter.com/search?l=&q=from%3ArealDonaldTrump%20since%3A2014-10-30%20until%3A2014-12-01&src=typd&lang=en
537744583573393408
538892959467732992
538818811345256448
538300426610032640
538299466357694464
537801644160077824
539159084201955328
538267833604771840
538299787322609664
538177147312295936
538224791019585536
538267589756334080
538820080201891840
537746725927415808
538174454074212353
537893973256568832
538821136952623105
538818501591695364
538894149668585472
538270035069132800
Possible retweets of zero
Tag Error- tweetId: 537746116557934593 tag: li datatype: retweets startDate: 2014-10-30 00:00:00 endDate: 2014-12-01 00:00:00
^^^^
537746116557934593
537744703459192832
538269320498130944
538268927126949888
538299535253319680
538916993014169600
538268229308014592
538268202657406976
537746764015894528
538818260738011137
538820922674012160
537746623112429568
538269022010507264
538266524818374656
538221691835777026
538269585439735808
538263279563706368
538269250600075265
538269733976817664
538268676223696896
538299620154421248
538820541084598272
538266368840593408
538819512830017536
538300320720646146
538820457668284419
538803587712024577
537744938931589120
537744742948544512
537638421255434241
537616130912047104
537565399207137280
537565282559356928
537565233850904576
537565051100868608
537564850399248384
537557164576227328
537556957474091008
537551864586600448
537551796991188993
537551239127781377
537487093380182016
537486988946194432
537486766685818880
537486522925453312
537486483557736448
537486340569710594
537483333400530945
537483107277209600
537482997612961792
537482949223272449
537480929422639104
537437427619872768
537339099330674689
537260402795896832
537245792378294272
537244067290423296
537162551155769344
537160060682924032
537157586316165120
537155665635344385
537153030056321024
537150175564009473
537090106797342721
537088716339433472
537088566179155971
537088383324282881
537030834042454016
537029647159263232
536997346585096192
536995249273720833
536984603366809600
536980670237917185
536976995025170433
536973718816567296
536968931278598144
536935528893927424
536926810077143040
536918480394932224
536892449181147136
536862764250431488
536862559966887936
536862308434468864
536862016393465856
536856923350790144
536856844204257281
536856737039790080
536856488606986240
536856237636591616
536845241832460288
536666553857867776
536666375092436994
536666187028246528
536666112680017920
536665639474458625
536664554743537665
536664520232804352
536663916169150466
536663795704532992
536663376240607232
536663123068190721
536662947276546048
536662613854523392
536662086873784321
536661879708725248
536661620387500032
536660796781395968
536660146592968704
536659800713871361
536659551651917824
536658790444453891
536658664124583936
536658215682203648
536657946265268224
536657071979380736
536655839353139200
536655514273611776
536654298751700992
536653754029047808
536653466597593088
536467456425222144
536113137255464960
536109805380042752
536107847881613312
536107246464557056
536105225795694592
536105114092961792
536104791123189760
536104301828243456
536103914022899713
536101378742292480
536101057299251200
536100754789269504
536006539862360064
536005984624607233
536005375620022272
536002185684082688
535995505768419328
535995310477426688
535992278649937920
535991838847807488
535990764376190977
535989015749865473
535988639013273602
535988430145331201
535988225303908352
535899150433665026
535888416509292544
535881188750422016
535870315285729282
535867061399199745
535857583371063297
535830243505090560
535829446264381441
535828866196340736
535813580357394432
535551178520924160
535545141306884098
535538772872810496
535534634319495168
535530498698010625
535527195650031616
535512071392489473
535506644026011649
535480463964766208
535452699937214464
535441553079431168
535415461270536192
535197010325155840
535181281718706179
535180153455136769
535164824419045376
535164250772475904
535159078650404865
535158134231552001
535154367184523264
535102735830773760
535079279881883649
535074300186091520
535062381026885632
535062235253833728
535061944492122112
535061507806363648
534883426521059328
534874989087195137
534874807725473792
534874560450273281
534873520996888577
534827218770624512
534825100114407424
534813646564900864
534809328352784384
534804232093057025
534800272804290560
534799778354561024
534795106113843200
534789455241297921
534787153822502912
534784553203040256
534777985979912194
534734654616924160
534730356524855296
534722080471007233
534706087686332416
534458281901948930
534428612913790976
534416334961246209
534397200609341441
534391391053676545
534386198102671360
534326002252800000
534325447904227328
534325294329765888
534313170861850625
534309517929238528
534308485052510208
534202168015085568
534200925012103168
534200551630979073
534200399025438720
534173433383632896
534170709204152321
534168071196672000
534086147056869376
534081738696581120
534080295449157632
533363073227444224
533351300852097025
533347605607350273
533307746717011968
533301862775402497
533299661222969344
533015168478089216
532994214637105152
532980179833225216
532968986796097536
532967019961151488
532928841665495040
532918714937905153
532903385633390592
532902794668544000
532633328676241408
532608358508167168
532597030099886080
532596427793649664
532578622545354752
532552347265007618
532545926276345857
532474376864935936
532325651391340546
532325381408178176
532324858827251712
532324800639692801
532282613869056000
532278930284490753
532274257624305667
532270780311420928
532262871980605441
532258336620953600
532254255856766978
532253177329229824
532236056893333505
532235475214684161
532222115878301696
532209303495925760
531931269677215744
531926161610113024
531924942519283712
531922043705753602
531905993232621569
531898671500390400
531883701790343169
531882802460233729
531882683799179264
531882518128381953
531882418211672064
531881895328776192
531880878222622720
531861177731928064
531814915284430848
531814657124995072
531814628108820480
531814063983321088
531813445302104064
531813233431420928
531812376392531969
531812136809684993
531811882534178816
531811601415168002
531803630069092353
531803272815083520
531801596045574144
531792191266766848
531783593627246592
531782733241266176
531782442710208512
531782088912281600
531781888986583040
531781057625227264
531780882835976192
531780325786275840
531779825309347841
531779564960493568
531779211577798656
531779079067168768
531777889138909185
531765073904414720
531764664938795010
531764407911845888
531763379753717760
531762539970195458
531616004758306816
531615153352355840
531614161428836352
531611875742867457
531610938617905152
531380237997998081
531380032770699264
531379460516638722
531379367067537408
531378829710065664
531378280969277440
531377846078697472
531373001485598720
531372798267359232
531372695917957120
531370079406272512
531368971245993984
531368880116355072
530912361662926848
530910890057818112
530909613584293888
530907574057848833
530906898883936256
530819086851530752
530810153864798208
530808626857148416
530802365323296769
530734153042771969
530707813790924800
530707717359677440
530707392062058496
530707102042701824
530706897352261633
530706840330698752
530706671619039232
530706372720336896
530706067500826624
530705906468941824
530705688532893697
530705256150474752
530705185971400704
530705068925153281
530704818239979520
530704729731784705
530704469034819584
530704441742467073
530704266999398400
530704172090667008
530704072836665345
530703977634344961
530691026818985984
530689037867417600
530688350324539392
530570228355588096
530568843169923072
530568521592610816
530567284419743744
530566617345040384
530566532896931840
530566475569176576
530566312943427584
530565884398809088
530512766545977346
530504897998098432
530504612466663424
530496782296686593
530495681610665984
530495581714927616
530494414691778561
530491946075422721
530490995935576064
530485315715469313
530485224640372738
530484212286390273
530480379678175233
530468056234196993
530466518837235712
530446862051184640
530430813708779521
530430546913271808
530394731550089218
530334048422735872
530317102704762880
530316741201899520
530316300103712768
530315829137911808
530315783667458049
530315366434873345
530314926523707392
530314751050776576
530284286562545664
530284167528185856
530283348581961728
530123735270195203
530122986989572096
530116445121048576
530114792481386496
530108838973022208
530106677157433344
530103737952792576
530103633430724608
530087065237463040
530075795684081664
530073003372335104
530065929418575873
529963593400610816
529962495612837890
529962380927983616
529962203550875648
529942695343837185
529941469260693504
529829777608560641
529815744654356480
529799896376037376
529799628691361792
529798769424863232
529798279320449024
529798041906057216
529797832002134016
529797681363697666
529797618914709504
529797147281989632
529796930675539968
529796743756394497
529795732316758017
529795571456811010
529795516368822272
529787244689637377
529785823051272193
529785569555918848
529784889000738816
529784848970309632
529784771207913472
529784711090937857
529784587019251712
529783723617558528
529783572480000001
529750212169175040
529747849186385920
529744159532679169
529734654417715200
529718197084508160
529706792729997314
529703463283097600
529703073242185728
529698714026512384
529697134002860032
529677921750122496
529636581519687680
529580200229883904
529579810914594816
529579570253791233
529578884527046656
529419704549789697
529382606056742912
529379360223285250
529368069261766657
529364575620456448
529355398546214913
529353342339018753
529343954740051968
529336973597896705
529323308983255040
529319566108016640
529288924079063041
529261174463160322
529255469748346880
529239478049992704
529225948122869760
529220970046042112
529220214958096384
529108946540580864
529106968733302787
529106725304283136
529106416163110912
529103619699003392
529082441974415360
529082211593912322
529081870672486400
529081187428732929
529081098152996865
529080707839430656
529078036772438016
529074091199049729
528957953198809088
528957554928652288
528956379974078465
528898433789460480
528892903536742401
528892770644393985
528891809540632577
528891700404834304
528891538538262528
528891210514317312
528891108848586752
528890903776473088
528890120322441216
528889625377767424
528889058093989888
528888894604210176
528887554427600896
528887033281134592
528886841425289217
528885943185727488
528885722192035840
528885656756686848
528682537338810368
528682388625584129
528681665691136000
528679350447931394
528678872649580544
528676657675370496
528625654615773186
528621737186197504
528621259136176128
528620938452271105
528575798769643520
528554578531581953
528554467307044864
528554284141797377
528553213025615872
528552830853210113
528552272197079040
528540301032701952
528539720562012160
528539685388554240
528539008914452481
528538684036239361
528538186461745152
528538020094693376
528535217787895808
528465795891097601
528356208101830656
528356051637534720
528355694307971072
528355449507442688
528355095638200320
528354852670570497
528354554782679040
528331784002740224
528324929079738368
528324828580052992
528287635484467200
528286220418564096
528284378989092864
528279814747475968
528261277379203072
528249571391340545
528242199184830464
528218194151239680
528215922784608256
528202996837253120
528183300775763968
528175788861181952
528170772410286080
527942274269708288
527932576908853249
527924610164350977
527916256591364096
527911591644528641
527894042445881344
527893588915802112
527890202673840128
527884915124469760
527869190943014912
527867271595974656
527845806888714241
527807802497306626
527740195031248896
527740105734488064
527733722746216448
527733516306747392
527687663781167104
527635093545033730
527627510448934912
527625710689878016
ended date range: 2014-10-30 00:00:00-2014-12-01 00:00:00





started date range: 2014-11-29 00:00:00-2015-01-01 00:00:00
https://twitter.com/search?l=&q=from%3ArealDonaldTrump%20since%3A2014-11-29%20until%3A2015-01-01&src=typd&lang=en
550318122054725632
549591267248992256
549590421190770688
550046337547665409
549883185921015808
550399835682390016
549681315436838913
549888212102295552
549590602653134848
550045430487461888
550316740375490560
549885245177479169
549980245093527552
549543147102281728
550132849215819776
550318647215144960
549680451498299393
549717975864213504
550039726510850048
549718286787944448
549885795679891456
549543039015071744
549542695086338048
550440363090280448
549884681748234240
549542905619443712
549887682261049344
549542272401154048
549706037868371969
549542153471688705
550441111513493506
549661637322739713
550135310420815872
550440752254562304
549718462684495872
549887163740196864
550397860240707584
550441250965708800
549669060800434177
549886622943444992
550008833100505089
549538800914157569
549542967976148993
550440523094577152
549634351882059777
550135541224976384
549646638370017280
549705097912274944
549718332371632128
550440620792492032
ended date range: 2014-11-29 00:00:00-2015-01-01 00:00:00





started date range: 2014-12-30 00:00:00-2015-02-01 00:00:00
https://twitter.com/search?l=&q=from%3ArealDonaldTrump%20since%3A2014-12-30%20until%3A2015-02-01&src=typd&lang=en
561237396877221890
561672184817799169
561202819546742785
561205135255560192
561180687248949248
560916028633649154
561271095207419904
561239531777978369
561225405898977281
561347877809967104
561238925050920961
561203202394447872
561237526699311104
561495442576670720
561116373087420416
561495688039903232
561346345806872576
561349822226374656
560964689723924480
560965054900994048
561346966312202240
561348928474714112
561117248828751874
561346810485428224
561348985831849985
561005203621953537
561348225123483648
561019694115983361
561179324699910147
561347278393577472
561672370906484737
561183081189867521
561239245046947841
561495109670567936
560997700758671360
561580997037522945
560943428553695233
560998039905902593
561238091294605312
561228927046545408
561492869786398720
561493675805790208
561492534158163969
561647451443318784
561121146532552704
561643188465975296
561348121788416000
561295020092063744
561184881838153728
561117045316927488
560915552948850688
560914320457203713
560839957426999297
560820341019529218
560799272552378368
560643462890917888
560643057197252608
560642025511718912
560622233476136963
560621419101708289
560575998371307520
560556960580665346
560548495044919297
560547852339118080
560547531164499968
560527195446452224
560522053032640512
560513524112560128
560510376165769216
560503691267309568
560489692387631104
560476958526828544
560473964863315968
560470349268406273
560464671686524928
560452950523641856
560452377724350465
560452079911968768
560451273724801025
560439161879281664
560438181494267905
560433428915838977
560432001812295680
560416033564278784
560336778042023936
560336486785380352
560336050519040000
560329889795297280
560329684509265920
560329145440550912
560268165675229185
560130576976723968
560118004269465600
560104269404454912
560081969447702528
560080861383884801
560080750012542976
560080088570806272
560077599242977280
560075026352046080
560071656681791492
560069776530485248
560046713063624704
559915288750469121
559915250888486912
559915040170835968
559912638919237633
559912483151167488
559912002685259776
559911537297858560
559911490766241794
559911328111165441
559900766107090944
559900623161032704
559900473923485696
559899632827117569
559899505542590464
559899346184187904
559899304715104256
559899254387642368
559899131536498688
559899051593072640
559898998069559297
559898855874248704
559898670477619200
559898561882898433
559898454072500224
559898158470549504
559898018984755202
559897966899888128
559896927194873856
559896596033585152
559896489758302208
559896343129645056
559896113663447041
559895980494295040
559895904598384640
559895870372868096
559895701690523649
559895514100293632
559895471381291009
559895390460608513
559895336270200833
559895249255157762
559889306811367426
559889245952032768
559889185864445952
559889010320228352
559888857605623808
559888694040338433
559887140436590593
559887058475683841
559886897380470784
559886828850122752
559886780959559682
559886640966295553
559886585307881474
559886309037445120
559886198039404546
559886171904704512
559886050332790784
559885942735904768
559885892077502464
559885705770713089
559885650930192384
559885578796539904
559885530360741889
559885371337891841
559878373330415620
559877944785764353
559877424557858816
559877282932985857
559877102284308480
559876991395299328
559876863062208512
559876508601577472
559876377420496896
559876173963214849
559874944327503873
559874457909886976
559874101624705024
559873903963934720
559873544231088129
559853818352254976
559852809232060417
559831181819392000
559826688293359617
559820576164831232
559794067476070400
559780656738476033
559765635811799042
559762317723041793
559744385798381570
559705812567068672
559649968693444609
559463115235295233
559430648981913600
559418862975074305
559386328652345344
559385821854597120
559385253060829185
559377335636746240
559365264438202369
559358517526937600
559348060162383873
559223653880303616
559223473604927488
559223108100685825
559222931621183488
559222727761215489
559222501830836225
559222179926388736
559221718733324289
559221481071456256
559220964907810816
559220867826466816
559220815720640513
559220744169992192
559220531539750912
559220356645654529
559220206560886784
559219725688123392
559219478115123200
559219221050429441
559218534182830080
559218314178998273
559218249645432832
559218066446639105
559217818202566656
559217591219388416
559217263866544128
559215552519213056
559175161631350784
559143618649526273
559138640434311169
559128222454251523
559113342301007873
559086847868289024
559083242016751616
559075821970014209
559049817091874817
559013680604790784
559004978384490497
559000385243709440
558999888193527808
558999752839163904
558994462630621184
558994305071587328
558993539019714560
558987330439376896
558691050714574848
558686632778670080
558683779389489152
558679902631624704
558672533168590848
558557042445914112
558443277566107652
558439044540301313
558438717296508930
558438647650066432
558438574476263424
558437978763427840
558437681135644673
558437601926189056
558437350993584129
558436909031374848
558434342792617985
558392521840427008
558381592734081027
558365931559473152
558364717056806913
558364414978850816
558326469810987008
558285337047613440
558282995233460224
558272151397367809
558012782743158784
558004306960728064
557995438549524480
557990478000709634
557983560511270913
557967604208656384
557959341756923904
557951356603219969
557945363844587521
557943960875057153
557928540168257538
557928491073933313
557752640919330817
557752445523472384
557752330867994625
557752172298117122
557752121119227906
557751896883335168
557751729325096960
557751276176703490
557750250522546176
557750024617340929
557747864445915137
557747802345058305
557747654445531137
557747262655582208
557745718287671298
557744799177269249
557744287199547392
557744210515066880
557663162217279491
557660215647420417
557657947179073536
557630549037432832
557623936721367040
557608413057003520
557576156275556352
557568302353248256
557487598701383680
557486964556169216
557486611580325888
557486204137259008
557486116283359232
557405593661890561
557388385716035585
557382571416649729
557379996604723201
557375341740969984
557373621791109120
557373192265035776
557373085633216512
557372917798141953
557372831525507072
557369721402966016
557364674677993474
557364314777350144
557364191972323328
557364185282400256
557363982315831296
557363919069913088
557363332412616705
557363287781044225
557363121690804224
557363026924670976
557362127724617728
557361533630836737
557361488332353536
557361350281027585
557361272862572547
557361184949940224
557360481846198272
557360213754658817
557359534822666240
557359324847423488
557359178453618690
557359027655806976
557358964154040320
557358772952502273
557358610704269313
557358301814738946
557358139688112128
557356321205665792
557355560962912256
557355103498555393
557355047668162560
557354821133807617
557353617980948480
557353486107824130
557353233342296064
557350667581685761
557350580285636609
557346789075210240
557346663350951937
557346573030789120
557346531993743360
557346376275984385
557346131412537345
557345818727186433
557345594256412673
557345496608813056
557345406397722625
557345293558349826
557345121755471872
557345030122532865
557345004474355713
557340950645993472
557340892923985920
557340779371565056
557340608684380160
557336016538075136
557326151547621376
557202946354839552
557202525599059969
557201779654684674
557144807710396416
557144177876930560
557012282233090048
557011375328100353
557010924931137536
557010655900106752
557010247488135168
557009667428462594
557009356458586112
557008995844882432
556990531579162624
556911596937936897
556854809698258944
556765735683641344
556765370263293952
556765045028552704
556764709287100416
556764644342521856
556615283541295104
556599723432611841
556598135414620160
556580607665655808
556578318129303553
556549212272603138
556496627968786432
556397957155946496
556396830502965248
556396606917185536
556396192951963649
556395810515341312
556393720195846144
556393508438040577
556392383815118848
556391705545826304
556363560310550528
556362735517442048
556362527589011456
556362279747604480
556362240606371842
556361497841270786
556361377548611584
556361173193719808
556360276048883713
556360006048940032
556359564233572352
556359410222919680
556359147026153472
556358835666157568
556355591594319872
556178608151343106
556160812373803009
556149182340562946
556141121001115648
556132834969399296
555973607965212672
555954763737874432
555859959389638656
555799849212588032
555762203228254208
555762089575194624
555759322630606848
555759039632535552
555758925534867458
555758435782782976
555758035738456064
555757572162990081
555757473227735040
555757357389447168
555757098055643136
555756961786908672
555756702004310016
555755376721657856
555755286305062913
555755118012805121
555754219831955456
555754023727693825
555742109982945281
555717027898200066
555716610812440578
555610233410551808
555554656844144641
555554517308035072
555554314769293312
555553247130165249
555547843146944512
555547340346363904
555546909503287296
555546694390009857
555546382451236866
555546173507780608
555546054557327360
555464463915425792
555428824440393730
555367040907612160
555366353985495040
555276963103789056
555274820309762048
555274301947904000
555273693157285888
555273652917112833
555272566231662592
555130124480176129
555123205568876544
555112079980785666
555074136150925313
555064525314347009
555054614866046977
555045915049066497
555034702999191552
555027108142276608
554983818386366464
554925469779251200
554924925568315392
554924554003292160
554919028095864832
554918877306433536
554918319254290432
554918130217000960
554917906274725889
554917552174804992
554917328958152704
554865001429598208
554864959448838145
554864248560439296
554864150375985152
554863642911318018
554863565153132544
554863396584058882
554862708441366529
554835235876384768
554829408448831488
554821012307857408
554820095776927744
554817481148469248
554816610712956929
554814000585003011
554812468829376513
554806643150815232
554806427341299712
554805303028772864
554792193526071297
554751323116408832
554730158935273474
554722016012808194
554716843261575169
554692651451449345
554680053410594816
554668991349014528
554623203231137792
554623157169291264
554623014156111872
554596353763213312
554596297622441984
554595807455096832
554595195208351744
554594184964108288
554591577126240256
554591239958691840
554591071481905152
554587135974858752
554586422574055424
554586146164858880
554585823027658752
554585636985139200
554585510472335361
554585147748913153
554584751261351936
554583527665442816
554487562551984128
554486896106405888
554486799381573633
554483716408754176
554482906367029249
554482845453135873
554438491426549760
554437293847891969
554437170598273024
554437135600975872
554435672392871937
553854375199002624
553853985485246465
553853686712381440
553853483016015872
553853299523600387
553853232737304576
553852585392996352
553852228864585729
553852142998806529
553851865105186816
553850334452674560
553849985872453633
553849911788466176
553766196752158720
553765763379892224
553687574368489474
553681912137809920
553673122734702592
553668786461896704
553662978755948545
553656481992941569
553655993511710722
553653206820327424
553579327972192256
553573302183424000
553524460704530434
553500375815565313
553500110219657216
553426663393222656
553426459415814144
553426323885268992
553426249675440128
553426085686562816
553425730710044672
553425514946629634
553425476778487810
553425423842160641
553425360600436736
553425326748221440
553425281407782912
553425239640932352
553425176306929664
553425132497408000
553424985373814785
553424895028514816
553424850023632896
553424696289796096
553424558674706432
553424343519481856
553423958843097088
553423785035317248
553423319547260928
553423238613979136
553423132389031936
553423003468718080
553422658227167232
553422501112721408
553421800328425473
553421642865442816
553421453111345152
553421409754841088
553421365723037697
553420799458426882
553420716134391808
553420461842112513
553420152705146881
553418068064743424
553417900485533698
553414450272043008
553414390352187392
553408165019414531
553407871409750016
553407339114799105
553406757914284032
553406236474236929
553405459320041472
553403365049507840
553400205413195776
553400106545053696
553315887894519809
553312128686637059
553308643152916480
553296201463119875
553273861454966785
553266749068832770
553258779887017984
553254702331473920
553246391582330880
553218560219439106
553200173116309504
553189077248647168
553184405955813377
553134298182979586
553090223849340928
553089907728863233
553089683195199488
553089635245903872
553089364033810433
553089239098093568
553089073465032704
553088507951210496
553088400845471744
553088199976050688
553088087644200961
553087380480331776
553087263249543168
553086943714873346
553086749023670273
553086508178345984
553086377924243456
553086207715192832
553086018719866880
553085905918242816
553085827325374464
553085599549505537
553085514216378368
553084996249219072
553084871351226369
553084753591959552
553084703201587200
553084474809126913
553084371574718465
553083916970885120
553083658513690624
553083385787457538
553083025752600576
553081935007084544
553081268800614400
552993161518522368
552983818622484481
552983766986403840
552982666241642496
552968920395943936
552967828408893440
552955292875759616
552955167533174785
552955075715690496
552950341613133824
552946816099315712
552946688558907393
552944550617300992
552943302518272000
552915912236748801
552827497948393472
552705027408928768
552704755055992836
552704459139448832
552703278384156672
552703158901014529
552702971549876225
552702829224538112
552702552610181120
552701101603319808
552700388479352832
552697725918408704
552697678837346304
552697515011997697
552697210811723777
552686257177124867
552685979971366913
552623271855022080
552623111863291904
552622856962867202
552622593862553600
552585904112807936
552584852139442176
552583752384520192
552582179335962624
552580865474453504
552573386644553730
552570872700366848
552568852476092416
552564477020094464
552554946684792832
552520887216660481
552489516700020736
552489402279424001
552307466030297091
552307166582177792
552306888059400194
552306508126769152
552306404254830593
552305986388893698
552305730200821760
552305477330432000
552305347424448512
552305233318379522
552305012786102272
552304852819513344
552304821441945600
552304642022187008
552304511797440514
552304102156537858
552303586810810369
552303439829803008
552303256433852419
552303058001346561
552302924999958528
552302585374601216
Possible retweets of zero
Tag Error- tweetId: 552302476532408320 tag: li datatype: retweets startDate: 2014-12-30 00:00:00 endDate: 2015-02-01 00:00:00
^^^^
552302476532408320
552302416771973120
552302341991698432
552302152463708160
552301912776007680
552297041049964544
552296945138802688
552296828335845378
552296711629316096
552296502509707265
552296290718343168
552295503430701057
552295364083343360
552295325491552258
552295240342966273
552294982347145217
552294500362911746
552294461024501761
552294343340720128
552294219302572034
552294183990726657
552293723712008194
552293569562955777
552293072613425154
552293031844782081
552289710220259328
552289673545252864
552289631493189632
552289304933060608
552289076809060353
552288308316102656
552285158607687681
552284773453168641
552284680792588289
552282348931526656
552282254849110017
552282089270562817
552282026578309121
552281839852068864
552281592522375169
552279700299862017
552279658017079296
552279542812131328
552279261391101954
552276089486467072
552276027830202371
552275955004489729
552275878949179392
552275570340659200
552275486819483648
552275320523751425
552274706142072832
552274512679809025
552274473324670977
552274233116876800
552274051696447488
Possible retweets of zero
Tag Error- tweetId: 552273716961640448 tag: li datatype: retweets startDate: 2014-12-30 00:00:00 endDate: 2015-02-01 00:00:00
^^^^
552273716961640448
552273582295105536
Possible retweets of zero
Tag Error- tweetId: 552273390242131968 tag: li datatype: retweets startDate: 2014-12-30 00:00:00 endDate: 2015-02-01 00:00:00
^^^^
552273390242131968
552273323405881345
552273202274385920
552272884161597440
552272331759165440
552271979026604033
552271837741465600
552271732271513600
552271580525756417
552271527119695872
552271482832031744
552271434748530688
552271395376603136
552271174974308352
552271120750346240
552271090241003520
552271019642474496
552270973287018497
552270788158820353
552270721322586112
552270677886377985
552270605899546624
552270497992679424
552270342702764032
552263830085320704
552241052422512640
552240957887090689
552230018307596288
552227442199629824
552227326516527104
552227157792280577
552227077777530880
552224254994186240
552223945064480769
552223587453927424
552218576242098176
552214195912343553
552210253841174530
552182761281564672
552125670982447104
552118027593195522
552117847577874432
552090072632524800
552079133669621760
552064188110348288
551967696288768001
551967600348250112
551967499076796416
551967402351943680
551967330599985152
551967280851353600
551967238887317504
551963491490623488
551963012631126018
551962943634812928
551962720120360960
551961995889876993
551961929380790272
551961819221618688
551961694818566145
551961488123236353
551961274628980736
551961168739577856
551961033498456064
551960860072374272
551960683366326272
551960491820871681
551960454982283264
551960407540506624
551960279521984513
551960139977486337
551960025745600512
551959952253018112
551959638812655616
551959606931755008
551958909993242625
551958464210407424
551958386989105152
551954034958282752
551953971976634368
551953907703103490
551953828439130112
551953780225617922
551953704241618944
551953639074721792
551953337529430017
551952548253696000
551948906297561088
551948859963097090
551948646422695936
551948599408754688
551946393364230144
551946348002836480
551944591495426049
551944444204032000
551944333776392192
551944240927092738
551944187902713859
551944087809847296
551944016905129984
551943989814104065
551943943118917632
551943905944821760
551943823723872256
551943794380525568
551943739917471746
551943642743857154
551943568181714945
Possible retweets of zero
Tag Error- tweetId: 551943531439587328 tag: li datatype: retweets startDate: 2014-12-30 00:00:00 endDate: 2015-02-01 00:00:00
^^^^
551943531439587328
551943494290669568
551942941292642304
551942866969559041
551942825764724736
551942755069730816
551942718742859777
551942668419596288
551942612283064320
551942575528374274
551942512827695105
551942425472950272
551942258040532993
551942189916622851
551942123223023616
551941985234587648
551941676445741056
551940882468179969
551940849832300544
551939129500770304
551937733145690112
551937645744754688
551937485627215872
551936722314219520
551936688990457857
551936609135104001
551936510875148288
551936466193252352
551936342985547776
551936257002315776
551935943280984064
551935855880069121
551935679459250176
551935373300203521
551935257591951360
551935155188023296
551935021981106176
551934952674443265
551934526071767040
551934478487388161
551934416290074625
551934370773479424
551934245711921152
551934211725463553
551934092397514752
551933887459655681
551933754231779328
551933482386354176
551924963859759104
551924888148377600
551924646669721600
551924379031203840
551924322395492354
551924254124806144
551924152580726784
551923743384416256
551923645921366017
551923456166862850
551923317935190016
551923095129559040
551922792288223232
551922736348823552
551922561882537984
551922385776308225
551922154816950273
551921491517124609
551920264280571906
551919614381527042
551919422953492481
551919351469969408
551919307014565888
551919091507027970
551915023157952512
551861327204196352
551767846364413953
551766727982612481
551766358858682369
551766227493093377
551765926409150464
551765847107452928
551765453258125312
551765296848318464
551765193534242816
551764998671044609
551764724254507008
551764464794869760
551763650634350592
551763394932801536
551587895359045633
551587884718096385
551587831895048193
551587795622707200
551587632699146240
551587594862362625
551586812700160000
551586682584453120
551586604448755712
551586571192139776
551586551923503104
551586541643268097
551586085474959361
551585870151970816
551585713700208640
551585654086594560
551585626148327425
Possible retweets of zero
Tag Error- tweetId: 551585488302518272 tag: li datatype: retweets startDate: 2014-12-30 00:00:00 endDate: 2015-02-01 00:00:00
^^^^
551585488302518272
551585467498766337
Possible retweets of zero
Tag Error- tweetId: 551585460901138433 tag: li datatype: retweets startDate: 2014-12-30 00:00:00 endDate: 2015-02-01 00:00:00
^^^^
551585460901138433
551585385839853568
551584997388587009
551584928962715648
551584894443610112
551584884473737217
551584637865439233
551584412132200448
551584280053555200
551584246473957377
551584191734099968
551584066186002433
551583852276482049
551563566894292992
551527702201921537
551527516457152513
551526665252511746
551526499099361283
551526309198069760
551521158420758530
551511709014577153
551490935125970944
551473070217916416
551223060465188864
551222450424672257
551222297303216128
551221924035313665
551221761334071296
551220936444477440
551219228117049344
551218367403929600
551217681442279424
551217540605964288
551217499845718016
551217064816676864
551215744474947585
551214575597940736
551214313130983424
551213005829320705
551156496877506560
551135827259314176
551135516062912512
551135471116746752
551135269664358400
551135177175732224
551133282818359296
551133110566666241
551132927715995649
551132895700860929
551132862033178625
551132779044687872
551132665324535808
551132250973413379
551132160087052288
551132071687892993
551131978129764353
551131887495028736
551131775385473027
551131644527403010
551131594099281922
551131492425154560
551131032280649729
551130778068074496
551130641648328704
551130005905084416
551129945985257476
551129657828188160
551129096596774912
551128838198292480
551128313281118208
550849683724447745
550849612614213632
550848883493179393
550847964898660352
550630228599791617
550549822919704577
550549694691430401
550549504718802944
550549358819934208
550549323562639360
550549278679379970
550549145027870721
550548532600766464
550548339708940288
550548164177309696
550548111161294849
550547634218614784
550545703932796929
550444287264309248
550444091579064320
550443900260057088
550443735054839808
550443540111962113
550442948375347200
550441927964106753
550441381253382144
550441250965708800
550441111513493506
550440752254562304
550440620792492032
550440523094577152
550440363090280448
550399835682390016
550397860240707584
550318647215144960
550318122054725632
550316740375490560
550135541224976384
550132849215819776
550046337547665409
550045430487461888
550039726510850048
550008833100505089
549980245093527552
549888212102295552
549887682261049344
549887163740196864
549886622943444992
549885795679891456
549885245177479169
549884681748234240
549883185921015808
549718462684495872
549718332371632128
549718286787944448
549717975864213504
ended date range: 2014-12-30 00:00:00-2015-02-01 00:00:00





started date range: 2015-01-30 00:00:00-2015-03-01 00:00:00
https://twitter.com/search?l=&q=from%3ArealDonaldTrump%20since%3A2015-01-30%20until%3A2015-03-01&src=typd&lang=en
570414440954372096
569946449695404032
570235124178161665
570235239848681472
569947263595884544
570606887470800896
570566674216292353
569949398190432256
570238975157387264
570384640281870337
570243325552414720
571748803994382336
570245154818408449
570258104434233344
571819071831969792
570004147451392001
570258558119497731
569957282303348737
569840390687354880
570621122951180288
569841043581100032
570565535244656641
570565744251019264
569955586734989312
569839669472571392
569892077858922496
569839139765538816
569839317532712960
569903095372779520
570434087527165952
571062497509289984
569955886308986880
570406679151579136
571406629880659968
570933909522751488
569887154811367424
570307168248987648
570623787806425088
570697095449055236
570721837593841664
570407488207650816
570315063627808768
571764976341405696
570414042558435328
571660093923708928
571445506964123648
570423669198946304
571739313156825088
571436534244769792
570566198611603456
569839005057097728
569838408425709568
569838298086182912
569838241815404544
569836364176470017
569835453504983040
569835331899551744
569835084444016640
569834726288191488
569730008945692672
569726744527290368
569708741576286209
569600254368210945
569292118063255552
569291744371740674
569290574555172864
569289969992384513
569289543368777728
569289133576888320
569288798896586754
569288564082655233
569287905102962688
569229973090930688
569179017909288960
568997020293320704
568996948008701955
568996858686779392
568980715955724288
568885280733835264
568865058039697408
568863185488510976
568862282450644992
568798459261788160
568743987248533504
568686148693975040
568686123863674881
568673109508804608
568620910489538560
568620864020688896
568620768097148928
568616945236328449
568616061614080001
568614497658798080
568549134841593856
568546800212320256
568521488103403520
568507669646053376
568464018442194948
568449198175223808
568446290801123328
568443253177126912
568389849130139648
568389536411193345
568387798924963840
568386448266817536
568224696853856256
568186645117321216
568179105344192512
568103075183001600
568076267230265344
568021533131718656
568005142592790528
567981187521769472
567981067057160192
567980861548855296
567980610851106816
567980260173737985
567979987913072640
567978047011471361
567873084117639168
567872446113652736
567724146290065408
567707805378183168
567707636632928259
567707395720507392
567694482423181312
567694162997542913
567693508325412864
567693175985557504
567692996205113344
567692709415370753
567692304824430592
567692184460492800
567560631298297858
567560037141606401
567471653933051904
567463836912205824
567463567709175808
567463319926497280
567431405517697024
567428906513612800
567416051454205954
567408997016543232
567406060554964994
567405797173645312
567316169367896065
567105677970391040
567105378132172800
567024922992857088
567023974560071680
567022567580778496
567022523817406464
567022044492333056
567014707337633792
567007892654800896
567007200330412033
567005722702278656
566815101349810176
566712799817383936
566712365820178433
566711781461348352
566710897079750657
566710743920566273
566709572803756032
566709346982440960
566708718012993536
566708651218718720
566708347496562688
566708045406027776
566661424681086976
566654119029796866
566582606519869441
566582456070201345
566582150942953472
566580002687561728
566579569504043008
566579108570996736
566578821743513600
566578445552222209
566425736123514880
566425525527531520
566424804484743168
566383686976032768
566383180283117568
566382502437482496
566382371663249408
566382198312689664
566321173227909120
566306317741350912
566243577907662848
566243131457544193
566206017860816896
566205613915779072
566205043524005888
566189330830749696
566184804975382528
566184314086641665
566184199426961408
566183947852591105
566183080118214656
566030973389656064
566003659730087938
565995340621676544
565971801789190144
565970917797666816
565970720568922112
565951600649596929
565920472580513792
565864652295647232
565863950655700993
565853788054228992
565626091701026817
565613432217804800
565584569215496194
565584005899497473
565582967427571712
565520989967364098
565465792339537921
565419354398158848
565416964571815937
565351161990250497
565349980169592832
565349745137553408
565348319841771523
565348043319672832
565342321282404353
565342137416691713
565342022090129408
565336180536139776
565282787180429312
565276578251554817
565269354456301570
565268996476641280
565268429041852416
565232139860733952
565186792047915008
565167471343464449
565147629013983234
565147164108931072
565146863159222272
565146566194118657
565142317301252096
565141862571589632
565140422696386560
565133211190439936
565133111844151298
565132441913155584
565132265261654016
565132146449588224
565132031164973056
565131848515604480
565131434315513856
565104034592612352
565103537299148800
565103488460681216
565102123155996672
565101784449163264
565101279631134720
565097697456451584
565095150092046336
565091814898925568
565004550575509505
565004198438510592
565003133341143041
565002957423669248
565001857513562113
564983811151519744
564982255056326657
564982195283308544
564980909284524033
564980742372216832
564980484875120640
564980159737257984
564979901238083584
564979684979802112
564979339574652928
564979145437085697
564978828909748226
564978683212218369
564978007207845890
564977813485551616
564975583713841153
564975390176059392
564975349919125504
564975183875043328
564974926936166400
564974747461885952
564974630596001792
564974429479112704
564974162402623488
564973787708665856
564972475252224000
564972425612623873
564972062671122433
564971510491021312
564970220880936961
564970071731482625
564970018845503488
564969984657731584
564967910297575424
564965424874655744
564965392167473152
564962237719543808
564962026993508352
564961812672970752
564959511778455552
564959439200198656
564959310560903168
564959158412537857
564956867672432640
564956813473615872
564956694602846208
564956619830988800
564956567779676160
564956495658614785
564956187826081792
564954153240526850
564922905096888323
564922799559835648
564922763216183297
564922650687188992
564922504784125953
564921982073188353
564921941698830336
564921812812050433
564921750497296385
564910998860345344
564910936092581890
564889847362756609
564850672999600128
564799108591136769
564799028228259841
564798780974039041
564798650606682113
564798352307810304
564798308036927490
564797910337224704
564797678471897089
564796922456985600
564796741019766787
564796639458897921
564796491471273985
564796200118124544
564796010204246016
564795962787651584
564795666392952832
564794948135178240
564794786583179264
564794643725172736
564794253776543744
564794100235632641
564794038294155264
564793988604243968
564793609263001600
564767685637332992
564767429520556032
564767195616800768
564766939856502785
564765948142714880
564765836045737984
564765109428711424
564765045327163392
564764821208702976
564764699712319488
564764263735394306
564627832681541632
564580721935650816
564437255537033216
564215204154966016
564214553744252929
564210539132645376
564172937251786753
564095752331223040
563856165898293248
563821038694567936
563817822879760386
563814901303750656
563803087870361600
563798651194314752
563794173334388736
563743357852471297
563702772215087104
563437369370894338
563423545322397696
563414130368192515
563409153813934080
563408115497177088
563393750735810560
563370548361957376
563362117798330368
563187377448161281
563185807578894336
563185241616297984
563185140927856641
563088331706486785
563083503240507393
563078284549042181
563049029484167168
563039945439588353
563039325617942528
563039099335237632
563027298681896960
563001598977540096
562997660823855108
562982521244504064
562978491525005314
562756281317224449
562728979887824896
562716345499123712
562709224925720577
562708598112124928
562708299666448384
562652880629669889
562640012035248129
562608970859548672
562608623290167296
562608448664506369
562608342712188928
562608283836764160
562456943940612096
562456531145617409
562456223145287681
562455838246584324
562455737088368640
562455608948178944
562455497501339649
562455079736070144
562455008814587905
562454957618917377
562454818850344960
562444176311463937
562441873747628032
562441599243001856
562441551520227328
562438645622505474
562433600629768192
562433241387638784
562433193023111168
562433116972011520
562432778449739776
562432646522081281
562432607917727746
562432512048529408
562432439017295872
562432407744565248
562432088654487553
562432026276806656
562428838744174592
562428765268361216
562423051388989442
562422803098796032
562422713470697472
562422220841304064
562420807784488961
562420639144099840
562420510706122752
562420307148169216
562420244162289664
562419934551367680
562419886212022272
562419762018664448
562419478492094464
562418987615911936
562418796280160256
562418666953003009
562418394021253120
562418229260611585
562418062587355136
562417940151418880
562417818868928512
562417684055617538
562417636370558977
562417340319825920
562416553258663936
562416342574575616
562416019214712832
562415976923533313
562415188155318272
562414915625832449
562404450963566593
562371836156317696
562356020614537216
562323495909339136
562296563058626563
562292025262108672
562289970489348096
562289338336415746
562286717387157504
562284348326817795
562240707281584128
562103501237813249
562092057272279040
562088772188516353
562055782557315072
562011972968120321
562011943654154240
562005301109743616
562003687338680320
562003480454635520
562003269728600065
561672370906484737
561672184817799169
561647451443318784
561643188465975296
561580997037522945
561495688039903232
561495442576670720
561495109670567936
561493675805790208
561492869786398720
561492534158163969
561349822226374656
561348985831849985
561348928474714112
561348225123483648
561348121788416000
561347877809967104
561347278393577472
561346966312202240
561346810485428224
561346345806872576
561295020092063744
561271095207419904
561239531777978369
561239245046947841
561238925050920961
561238091294605312
561237526699311104
561237396877221890
561228927046545408
561225405898977281
561205135255560192
561203202394447872
561202819546742785
561184881838153728
561183081189867521
561180687248949248
561179324699910147
561121146532552704
561117248828751874
561117045316927488
561116373087420416
561019694115983361
561005203621953537
560998039905902593
560997700758671360
560965054900994048
560964689723924480
ended date range: 2015-01-30 00:00:00-2015-03-01 00:00:00





started date range: 2015-02-27 00:00:00-2015-04-01 00:00:00
https://twitter.com/search?l=&q=from%3ArealDonaldTrump%20since%3A2015-02-27%20until%3A2015-04-01&src=typd&lang=en
582920585761689600
582986167622209536
581498856048844800
582988243936792576
582518395402395648
582645393227419648
582641556357812224
582986844234756096
582322388097974272
583029547588820992
582725182143500288
583028856346533890
582726617484693504
582976905235836929
582519017828683776
582984602152747008
583027796781490176
582621464735666176
582961387737104384
582726100364746752
581514871818313728
582639618350288896
583028810372812800
582965669211344898
581539490398781440
582942587377598464
582517871886102528
582611659291824128
582518732653752320
582726930362941440
582726756290990082
581516884824207360
582518801058660352
582989123897556993
583029634243100672
583028569938485249
583028452829302785
582922475081711616
582630743689547777
582626235886473216
582614216508633088
582519574974844928
582518598209503232
582518295124779008
582518091248205824
582517912986062848
582517761349423104
581524414698819584
581489310987395072
581472953495351296
581471729840730112
581471432355528705
581454662752145408
581452154826829824
581447918638534657
581440224099725313
581198156374904832
581191947081023488
581188167350513664
581179621674192896
581171685186994176
581171239856807936
581168283329667074
581166639858749440
581157492111073280
581156266900369408
581154531028926465
581153965431267328
581097035174191105
581096446646194177
581082421912870912
581081001511751680
581075766655455233
581059354511671296
581045346433937408
581042462115934208
580897271790833664
580896823402958848
580896266181349377
580828467618533376
580823147873767424
580822276809089025
580822097292840961
580818397862170627
580812275658919936
580808470406004736
580803138980020225
580800081059774465
580789679416557568
580777753135419392
580773356934426624
580625118143053824
580624428989595648
580618656767455232
580618601834655744
580618521157206016
580554778272497664
580554471488507905
580553597756313600
580553274660663296
580551360518754304
580547936964227072
580547459912482817
580511086648131584
580510224559292416
580509946145542145
580509825194409984
580509478543585280
580469212331839488
580466517357260800
580465343933640704
580464780777025536
580441865666850816
580436902500835329
580425286057127937
580424676268216321
580421783104413696
580392112396599296
580383446507352064
580374395023163392
580365403022589952
580358701355257856
580356406978678784
580240417817497601
580236561884778496
580236278752497664
580236060518690816
580235848769224704
580235729244147713
580235672029650944
580235490319863808
580235382446563328
580235213214756864
580235049649471489
580234536707072000
580234438275162113
580234379663781888
580234205323522048
580233768268652544
580233308707094528
580233000492933120
580232858436022272
580227271279173632
580226894978781184
580226385614094336
580226354748194816
580226259453657088
580226150925996033
580226047825846272
580225329404514304
580225286295437312
580225209476759552
580224928093507584
580224516313518080
580223939064012800
580223592190865408
580222630080417793
580222003690545152
580221385127141376
580221208639197184
580164653176774656
580164606385098752
580164190633140224
580163676864430080
580163627975606272
580160957273473024
580160609876111360
580152116607631360
580149018786967552
580148430900695041
580065749441617923
580058663290830849
580042127234744320
580034992329342977
580029240579633152
580005427968143360
579998831837868032
579993635783065600
579990640441892865
579967737709142016
579967607526285312
579967527926804480
579967210640261121
579957884160753664
579957499320758272
579957213403475968
579956724901216256
579956264811253761
579955899034398720
579820706281758720
579820457861472256
579818935517888512
579818283945328640
579817767467106305
579016355116101632
579009733673250816
578999617527898112
578989025396154368
578977458776633344
578951084967751681
578950793874829312
578946794337497088
578940178204647424
578936397744250880
578659817453182976
578654022216843264
578623092416778240
578608524239974400
578604165582200832
578596301190881280
578590235501682688
578579306261118976
578569594983575552
578560996089950210
578554391252353025
578538743033937920
578364283169439744
578364048678477824
578363659644203008
578363563229782016
578363362893004800
578282613896572928
578282348501929984
578243939372830720
578225187100991488
578197286662103040
578197062317170688
578196983522979840
578196780384460800
578191432508387330
578191159912214528
578189944931414016
578150680541708288
577984985367474176
577984886688059392
577984798565728256
577929490564800516
577928816422711298
577927414942150656
577925865188810752
577837200139780096
577716006195503104
577715421761130496
577714894071554048
577714182587572224
577713428766175232
577647731147202560
577647351910772737
577575860041064448
577569324682096640
577547385045401600
577545820259659777
577538338586038272
577484222581047296
577466602574233600
577428289842712576
577428234838634496
577427919431200768
577423599012810752
577423496285933568
577420791475789824
577286643197087744
577264180291624960
577264012733386752
577263812795101185
576583141764276224
576582971228041216
576580399750578177
576485549873197056
576473453555032064
576471264811966464
576469806750281728
576348536561860608
576222189038530560
576220206005092352
576089949038125056
575998479786360833
575997011587022849
575995741946052608
575895162716491776
575894794448207872
575881412378673152
575831592712605698
575831486428934144
575831219272724480
575831138565890049
575830697253842944
575830632493772801
575830468865605632
575825399701053440
575825043420151808
Possible retweets of zero
Tag Error- tweetId: 575824704373547008 tag: li datatype: retweets startDate: 2015-02-27 00:00:00 endDate: 2015-04-01 00:00:00
^^^^
575824704373547008
575824435329925120
575823098391367680
575822700427399169
575755541437419520
575753986516652032
575753750444400640
575744428041715712
575738296086700032
575731999165579265
575692016190885888
575689788566544384
575689714193190913
575689461041733634
575651674922074112
575590516919664640
575589372302487552
575589231160127489
575588810400002048
575587603925352448
575586533010341888
575585598376816641
575585398480506880
575584253561475072
575579944757129216
575579153191321600
575571326561357824
575392590691987456
575342182262968320
575334980580208640
575312461210980352
575308294513950720
575300723295961088
575300101804965888
575295285460664321
575046156692094976
575042896535101441
575042593651834880
575040053304492033
575003905324621824
574986557809160192
574985458746310656
574941865881006080
574941522912800769
574923253988331520
574922963063029760
574922578617331712
574922002374524928
574893896586641408
574891558211842049
574886895693467648
574537165725691904
574529957675798529
574528075888787456
574026715023933442
573939334006571008
573914684434300929
573898744632115202
573858459977973760
573764361996623872
573764039228198912
573763998165958656
573763905958318080
573763709681668096
573762812394270720
573762595758456832
573758673840959488
573757906648174593
573683954244534272
573676626535452673
573676421928910849
573675929572098048
573646783416508416
573643259358089217
573642679529046016
573632902149378048
573620239432302592
573618377740124160
573617193654575104
573616949957124096
573580929299582976
573580122516819969
573472287632023552
573471879052292096
573471346241368065
573471130230657024
573470801304772608
573453918711222272
573450971851980801
573317633224937472
573316947313627136
573316826815459329
573227753765404672
573224483730792448
573223760070746112
573223638591143936
573183412493787136
573159262911922176
573093014261899264
573091403582087168
572986848227790849
572986064819920896
572856918953213952
572852786657828864
572837930101809153
572786484966764544
572785094416601091
572784976200134656
572483862577717248
572483625645678592
572483579034411008
572433881145729024
572419202969047040
572242248240254976
572195745698336769
572100520975974400
572089054545752064
572082135814819840
571764976341405696
571748803994382336
571739313156825088
571660093923708928
571445506964123648
571436534244769792
571406629880659968
ended date range: 2015-02-27 00:00:00-2015-04-01 00:00:00





started date range: 2015-03-30 00:00:00-2015-05-01 00:00:00
https://twitter.com/search?l=&q=from%3ArealDonaldTrump%20since%3A2015-03-30%20until%3A2015-05-01&src=typd&lang=en
593755935950118913
593751071530602497
593384783104909313
593648204329136128
593211460412710912
593019458186248192
592910662424223744
593759163009859584
592991427304562688
593020762677768193
592995408219152384
592790228919840771
593387739460083712
592698043629215746
592908161075511296
593037926369464320
593321095027150848
592871547309838336
593440088723447808
593756829815074817
593756167437955072
593493411317063680
592796404898201602
593795702658072576
593756395792642049
593598555643846656
593014648644964353
593752775407890433
593754281808961539
593517272179736577
593792690896121856
593502053411893249
593752475263442944
593749230281424896
593519160384040960
593758819362185217
593329466606223362
593753125300871168
593600769372336131
593600173592436736
592736540184416257
593386547266879490
593491784535285761
593758566403670017
593748234721488896
593599179349426176
592802472365858816
592786000159645697
592766178818465792
592749684155899905
592692803127353348
592692574290366465
592692315204001792
592692082302701568
592691820750069760
592691732451598336
592688560815341568
592688273060954115
592687347394867202
592670106733391874
592669985216045057
592669838469894147
592669746702712832
592669572454551553
592669335463821312
592668847959887873
592668234127650817
Tag Error- tweetId: 592643733285433344 tag: div datatype: divs startDate: 2015-03-30 00:00:00 endDate: 2015-05-01 00:00:00
591990917348913152
591990720292114433
591986962627751936
591986485416566785
591986076979482624
591985150575190016
591983756321366016
591983418906419201
591982627906842624
Tag Error- tweetId: 591982240944549888 tag: div datatype: divs startDate: 2015-03-30 00:00:00 endDate: 2015-05-01 00:00:00
Tag Error- tweetId: 591981449802358784 tag: div datatype: divs startDate: 2015-03-30 00:00:00 endDate: 2015-05-01 00:00:00
Tag Error- tweetId: 591978180761747456 tag: div datatype: divs startDate: 2015-03-30 00:00:00 endDate: 2015-05-01 00:00:00
591977692272164864
591975783721086976
591975121616777217
591970735809245185
Tag Error- tweetId: 591969013581897728 tag: div datatype: divs startDate: 2015-03-30 00:00:00 endDate: 2015-05-01 00:00:00
591968432855379969
591966092152672256
Tag Error- tweetId: 591965785364496386 tag: div datatype: divs startDate: 2015-03-30 00:00:00 endDate: 2015-05-01 00:00:00
591965561111838720
Tag Error- tweetId: 591964196323098624 tag: div datatype: divs startDate: 2015-03-30 00:00:00 endDate: 2015-05-01 00:00:00
591963468716220417
591963149634543616
591962089813614593
591904699181309953
591903667105726464
591902193147629568
591899032173334528
591726417609662465
591682230470213632
591672094393532416
591658905874386944
591640590619643904
591604159528439808
591439763372118016
591439697559298049
591439508241002497
591439484744523776
591439411050651649
591438998373068801
591438496071548930
591438270418018304
591437823191973888
591417506637729793
591417370784178176
591416936891867138
591415662767185920
591414023712858113
591413811485216769
591413461982306305
591412595871117313
591412084895838208
591411175302307840
591359471047335937
591321669416923136
591308288739962881
591302699347488770
591299410702819328
591291012091351040
591281524043096064
591267841296506881
591257360653545472
591253642222706689
591241289628254210
591234327696015361
591228318495674368
591227961690456065
591227258855153664
591227205759410177
591227028671696897
591226699142057984
591225918712078336
591225182829830144
591223229630574592
591223022457073664
591222909626114050
591090020871704576
591089675919560704
591089473255043072
591082016894033920
590987960088158210
590983873451978753
590983484518305793
590983309779406848
590982593736286208
590981376666685440
590980065380425728
590978837552492544
590978408424808449
590978320235397121
590978043633651712
590977519148474368
590977355662946304
590975983034990592
590973253738442752
590969172689080320
590965502027104256
590962367997050880
590935439105794049
590878204153483264
590870495660220416
590847140743794689
590768561221672960
590757152526102528
590756559233351680
590679792934121475
590679750995238914
590679641263837184
590679524657991680
590678960326971394
590678915120758787
590678563453534208
590678330887774210
590677564764585984
590674632853839874
590674326791331840
590673445551263744
590613051625332736
590609810942517249
590605961083105280
590605572040486912
590604035700449280
590586710540603392
590569284985868288
590568499677896705
590555764525297664
590545744915992577
590542055971094528
590536752575737858
590530356702539776
590527611610206208
590525962686767104
590524556051374080
590519301486075904
590508660809424896
590506759971811329
590349420052541440
590349017969733632
590348273157857280
590345902541430784
590343459552292864
590341204891537410
590341084598919169
590340153236926465
590339994927116289
590339854841606146
590339605993545729
590339281555689472
590338281352597505
590337381028474881
590327853885063169
590294237515816961
590289599810928640
590287658745749505
590287593322975235
590287550742454272
590287400657690625
590287174613991424
590285304457797635
590283758043058176
590249466587959296
590248767049306114
590245594746204161
590244620434538497
590234731536654336
590228450591539202
590203321446719488
590155028423438337
590150084085620737
590149260953395201
590135644426481664
590135354772054017
590114381104553985
590113946805338112
590113557221613568
590113469246152704
590112315447586816
590111952355119104
590105587096100865
590105444523384832
590105391784194049
590104809132466178
590099788768681984
589959058045689856
589935127461027840
589935078916149248
589934665571631105
589934480409919489
589934294862290944
589933924631076864
589933777511649280
589932723688505344
589923150114246657
589922986599309312
589922630104416257
589922123843514368
589921888136253440
589921093378568192
589917567260712960
589916416301670400
589915843246628867
589705949788688384
589705831240839168
589702638771564545
589700523911213056
589637478715392000
589637093464375296
589636966091718657
589636573815296000
589636458400587776
589635377654341632
589634695287201792
589634458787151873
589634221330817024
589634025792352256
589633925837881345
589633386316177409
589632894177533953
589632853736087553
589632566958886912
589632488932257792
589617421515894784
589617308169015296
589617171791241217
589617040488591361
589616957772668929
589616766701146112
589616499905667073
589614731390017536
589614315868663808
589613683422158848
589613128989728769
589612353198620673
589611332334419969
589611089073152000
589610677012140032
589610578794131456
589610547429117954
589603824609923072
589598314947022848
589388289456660480
589351623333412864
589350004663394304
589349224329916416
589348942883790848
589345935752359937
589345786468704256
589342647648673793
589251220000403456
589249511714902016
589216914402074624
589216301157068800
589215582320463872
589213681902342144
589212610391846912
589212010161774594
589211811951443969
589211632477327360
589170386488717312
589170223162482688
589149871514476544
589115259979489281
589055094819258369
589050639021428736
588995538856579073
588993761436372993
588993552350375936
588991075806765056
588865911311958017
588864633081061377
588863408352661505
588863377155432448
588863318405832704
588863196771024896
588861179889655808
588860682000404480
588859611752574977
588859158348353536
588858971102011392
588858780340858881
588858661633728512
588858043590377472
588857897150521344
588857540663992321
588803158715039744
588799309845504002
588796223622148096
588795489660862464
588790596736790528
588789384209686528
588789316836528128
588781195535712257
588780399133863936
588752997959737345
588733168339017728
588726213797146624
588716146792263682
588702115616399360
588692757985767424
588688744867303424
588554981311193088
588554452510048256
588553778833547264
588553679126560768
588553481390284800
588553121296732160
588552890979110912
588552732451143680
588552554067451905
588552517883166720
588552443836899328
588552210998525952
588552039166320640
588551845733388289
588551548092964865
588551286892670976
588551111889575936
588550963692183552
588550516399022080
588550371754307584
588550044304814081
588549955184361472
588549687633907714
588549626573279233
588549528619462656
588548901382283264
588547046715613184
588546343720906752
588546138439081984
588488969685438464
588488241327767553
588488117906202624
588485550396547072
588449882110726146
588446142850990080
588445520256831488
588443234457800705
588442758169305090
588437776183513089
588429405329956864
588366640221396992
588361238859624451
588331125942181888
588324834523885569
588315722289414144
588315283821035522
588314977234264066
588314586216079361
588314393496150016
588313826262646784
588313552047439872
588313377111441408
588313028715753472
588312958268215296
588312615799119872
588312474564308992
587998504590712832
587989111606247424
587969422708645888
587895490206900224
587895204922949632
587806740529471488
587806078588469248
587805039374114816
587803130433241088
587801611059261440
587801114592022529
587699442003943424
587698517856149504
587697939201585153
587643816317997056
587590023152795648
587589668289515521
587589483341709312
587589024602316800
587588915793698816
587588774332334080
587588638097149952
587588589552279552
587586998807965696
587585470613299200
587585173316829184
587584921235017728
587569605708800000
587569150442217472
587422710818541569
587421427806167040
587419543582179328
587417157199331328
587414905386573825
587414194628255744
587414025736183808
587412537328689152
587412374895878144
587410880821878784
587409947018821632
587397450564034560
587397200168284160
587396991895867392
587396760013799426
587396571031044097
587395636384948224
587395575752032256
587395532139720705
587395452447887360
587395057076064256
587394915526672385
587393926446866432
587392755745325056
587391507671420929
587391443154632705
587391386820935680
587391335822467072
587383938391343104
587383878496694274
587383065158230016
587382156973965313
587378159458344961
587377946693869569
587349946971590656
587348787921870848
587348517263384577
587348275868631041
587347913833078784
587347252965937152
587347173819449347
587346835955658752
587346671782252545
587346491271938050
587346221657939968
587345740772552705
587342996649201664
587342542670290944
587342416165916672
587341763959988224
587341564025929730
587340886943608832
587340827132895232
587340655179001857
587340076830588928
587339813822537728
587338470391226368
587338130262458369
587267396144123904
587263920525733889
587263378076336130
587263239563644928
587260247431110659
587256633568428032
587250444835168257
587250276475785216
587249905292484610
587249670960840704
587249178591518721
587248769542057984
587248592794099712
587248093181177856
587247647498579969
587247536592789504
587247264650960896
587247084614643712
587246772252233728
587246303547105280
587092470250475521
587090407898611712
587090122954399744
587089789280718850
587087723451850752
587086894854443008
587086751371550720
587074510232358913
587074170485399552
587073869678256129
587073272115789824
587073076673798147
587072687790493696
587072319492857856
587071216990756864
587069651298955264
587068550323560449
587066597258485761
587065737765908480
587065322064257025
587065261129342976
587064687566675968
587064523049332736
587063354432299008
587062329495388160
587046794628038656
587046175645290496
587045983244124160
587045114192797696
587043292405202945
587033197898289152
587003166316699649
587002298045431808
586952660915515393
586952313123766272
586855795188441088
586755391784091650
586754746658197504
586753713332584449
586753543823982593
586752999608967168
586752891907481602
586752688445992960
586751742852915200
Possible retweets of zero
Tag Error- tweetId: 586751374286721024 tag: li datatype: retweets startDate: 2015-03-30 00:00:00 endDate: 2015-05-01 00:00:00
^^^^
586751374286721024
586750765902864385
586750679085142017
586750439393136640
586743306706518017
586737283744845824
586737234776367104
586737174990745600
586736571631722496
586735621823193088
586735581733986305
586735517120786433
586735210357719040
586734562396504064
586733475857883136
586732831575044096
586732588938747904
586732365617172480
586732099526402049
586731935831035904
586731029454577664
586730759114903552
586730650872508416
586730334655512576
586729663256535040
586729402467274752
586728887582863361
586728165688610816
586727620399788032
586727037806739456
586514141764050945
586513528720338944
586511738746601473
586506563860439040
586498726228787200
586497762407112704
586497210130501632
586417115248271360
586414970155352064
586408267326205952
586315977371037696
586261637595791363
586233060494069761
586203543461351424
586100372193857536
586100182594539520
586099727726415872
586099670553927681
586098759211319297
586080451468599296
586078232908279809
586077864510017537
586076028033982464
586074875426697216
586012575378382848
586008728354316288
586008595663323138
585896579237720064
585748251258785792
585748052268490753
585729342753394688
585728257653346304
585726890125762560
585726757262782465
585725636532121600
585725455162068994
585725411113508866
585725290523033601
585725047362478081
585724703869956096
585724518376857600
585724294518460417
585596721918513152
585595797280006144
585595431150821376
585595265370972161
585406176541728768
585286465183178752
585281558816370690
585280741409431553
585269105068007424
585268892823617536
585268741866389504
585268549993832448
585267897070710784
585267049334763521
585266996058656770
585266666378043392
585266471779102720
585266089870917632
585265442396233728
585262729511972864
585260932831453184
585244991196438528
585244264965218304
585243610959978496
585243119064604672
585243017705062400
585242673533087744
585242345144262656
585241039008563200
585229915160739840
585229083342155777
585225047209598976
585224565959294978
585224461357608960
585224295816765440
585203170844008448
585202154719305728
585201749788651521
585154887178158080
585152555505819648
585134780829806592
585101751520534528
585096286233370624
585090319055777792
585088423834312705
585040469593354240
585040294913167360
585040051123445761
585040021746515969
585039951793885184
585039699397505024
585039666530885634
585039504026775552
585039058793078784
585021518884765698
584806406404055040
584805573662769152
584647721883148288
584646790550581248
584646144556462080
584643089228308480
584567327078907904
584473075632238592
584472475079204864
584472417692692481
584472219121807360
584130772208132097
584129948916514818
584045584765558784
583941876337770497
583734958050713600
583734218162855938
583733290986774529
583681378887294977
583661621236670464
583619805204369409
583570622703362048
583570039485399041
583567631564812288
583483813654835201
583483535341834240
583480711438565377
583361671156113409
583359130141913088
583358317323501569
583356914014257153
583352700164771841
583352262426251264
583342576830410752
583331848719306752
583312060274069504
583307472414359552
583300139252649984
583297817642434560
583289026272182272
583282447628046337
583185486853865472
583153697871564800
583153264058888192
583153063806046208
583152741830254592
583152604399726592
583152551052193792
583152457452249088
583151994409521152
583151822430466048
583151731787325440
583151421199122432
583151078599991296
583151034211672065
583150860877824000
583150615821459456
583150397507919872
583150016816111616
583149173589037056
583149073038966784
583148717437521920
583148411668549632
583067075985465344
583066812440510464
583066609289465856
583066320301883392
583066231713988609
583065830864359424
583065540962451457
583064592454127616
583064441048170496
583064281081638913
583064240254271488
583064092107235330
583064037895831552
583063919239020544
583063870824140800
583063757594730496
583063671380774912
583063606352326656
583063436474654720
583062970097377280
583062819341484033
583062548351750144
583062377530322944
583062328859607040
583062235330809856
583062197275852800
583062129869238272
583062051230236674
583061688754282496
583058431264878592
583029634243100672
583029547588820992
583028856346533890
583028810372812800
583028569938485249
583027796781490176
582989123897556993
582988243936792576
582986844234756096
582986167622209536
582984602152747008
582976905235836929
582965669211344898
582961387737104384
582942587377598464
582922475081711616
582920585761689600
582726930362941440
582726756290990082
582726617484693504
582726100364746752
582725182143500288
582645393227419648
582641556357812224
582639618350288896
582630743689547777
582626235886473216
582621464735666176
582614216508633088
582611659291824128
582519574974844928
582519017828683776
582518801058660352
582518732653752320
582518598209503232
582518395402395648
582518295124779008
582517912986062848
582517871886102528
582517761349423104
ended date range: 2015-03-30 00:00:00-2015-05-01 00:00:00





started date range: 2015-04-29 00:00:00-2015-06-01 00:00:00
https://twitter.com/search?l=&q=from%3ArealDonaldTrump%20since%3A2015-04-29%20until%3A2015-06-01&src=typd&lang=en
