STARTING: 2015-10-31 00:00:00
ENDING: 2015-12-31 00:00:00
---------------------STARTED----------------------


started date range: 2015-10-30 00:00:00-2015-12-01 00:00:00
https://twitter.com/search?l=&q=from%3ArealDonaldTrump%20since%3A2015-10-30%20until%3A2015-12-01&src=typd&lang=en
671329839408930816
670754851203227649
670645029082439680
671316172005113856
670381849416482817
671080580939964417
670811687000350721
671437896088440832
671081632422567936
670690162687549440
670815295091683328
670811363095273473
671139933277540352
671348849647198208
670560775971426304
670611222342074368
670759653408710658
671353097575362560
671330229596659712
671394946721685504
671082260507066369
670612687907344384
671138957279776769
670555127141539840
671308887178551296
671079078502514692
671316960857219072
670612829347651586
670900180191993856
671137901959356417
671138776740175872
671140455866892290
670812287754747906
671159472316903425
670357464689287168
671458994196758528
670431647603425281
670741684460777472
671162038136250368
671316321443954688
670899656344387584
670900057252700160
670813764304953344
670740530989563904
671161184058515456
670356747828228096
671140719629848576
670815771874979840
670742712350584832
671140157148536832
ended date range: 2015-10-30 00:00:00-2015-12-01 00:00:00





started date range: 2015-11-29 00:00:00-2016-01-01 00:00:00
https://twitter.com/search?l=&q=from%3ArealDonaldTrump%20since%3A2015-11-29%20until%3A2016-01-01&src=typd&lang=en
682605293856002048
682297346240167936
681847012304797696
682227816394522624
682703233492619264
681997425356095488
681816443093159937
682048994705584129
682501016454098945
682635132038176770
682700657304989697
681917663514365952
681845591027134464
682414759942184960
682319510251159553
681971453261119488
682428536855117825
682310784563720193
682188420400168961
682186402621186049
682505316781654016
682267088271110145
682188146596036608
681997313925976066
682512214427828224
682413776600174592
682499601195253760
681936877222494208
682201111948824576
682188516986646528
682504130645127168
681997481740087296
682578783912759296
681803307929710592
682500655043506176
681910074906906624
682499825309478912
682502608834170880
682177311622467584
682220279871979520
682291228898115585
682508633805041665
682187603681128448
681698921652051968
682187393970126849
682513151431196673
682514849579057152
682426302218014721
682544630139863040
682516874748375040
681698724796567552
681696040458809345
681694554534330368
681693955700948996
681684408273911808
681684170955948032
681682653431644161
681682543826079744
681682389102399489
681682019575840768
681681216853151745
681678252029665281
681608453501014016
681606884290265088
681468264615165953
681457163492024321
681455081699569664
681452215614222339
681447548133965824
681309864442859521
681309464339832837
681157406605324288
681156670186192898
681155823729508352
681155057136578563
681152682296475652
681151292195127296
681148934685855744
681147489534119936
681143660705099776
681140619897602048
681109495007854593
681093849943543808
681093594648834048
681093526990491648
681091509811306496
681088878128816128
680947538896252928
680932364906819584
680908733455708160
680877571542790144
680807045562515456
680752844220329984
680734915718176768
680505672476262400
680503951440121856
680496083072593920
680492103722479616
680491214337130496
680491090315767808
680490678594482176
680489467245936641
680486088255909888
680484330494386176
680481995374329856
680480963068051456
680472651756736512
680220409262911488
680212039487340544
680205355339497476
680203969352826880
680168300630937600
680162068687925249
680160249991553024
680156538598756352
680154897518608389
680153902952615936
680151064188948480
680149494214823937
680118305449996293
680116241512706048
680112100547543040
679865412805341191
679864821823713284
679843301890109440
679802957089648640
679713305376780289
679691783467610113
679690180937314305
679676684501692416
679673029400641536
679668017505144833
679643556479406080
679643221526462465
679633151237439488
679542494523187200
679538962948571137
679506175239532545
679499246941396993
679496538117271552
679464490128293888
679463530190499840
679463426675097600
679433831032705024
679431012120702976
679424477550272512
679423888284098560
679416309545873409
679412376890974208
679412078407495680
679411797657575424
679411225156001793
679410900751802368
679410574334279684
679410429316227072
679409900620021761
679409713226887168
679409480321392640
679408842975944704
679383917057605632
679314834060673024
679126206797750272
679064247792443393
679030733432856578
679011289914568704
679002048734568448
679000573241393154
678994037035147264
678992842468032513
678982347392438272
678958283651182593
678921089565749248
678916493862678528
678905519797575680
678904742198820864
678903114250985472
678901451335335936
678809905017565185
678797631250911232
678791376201523201
678776055709216768
678769142376304640
678738010188464128
678722591230701568
678720849336250369
678714784905326594
678686794507010048
678567374317056000
678501512088297478
678492579525230592
678490367285678081
678446032599040001
678442470720577537
678442285294596096
678441026730766336
678440573708214272
678426932258713600
678424819579420672
678424741745721344
678424673231773696
678421170836905984
678420732343427072
678360822406606848
678355010703515648
678341077364011008
678295001391087616
678242598448943104
678012187193946112
678012123604119553
678010990894710784
678005667505045505
677990258387116032
677956272889704452
677952407196844032
677947597869465601
677938965589188612
677917639604355072
677911755146846212
677911636519297024
677892372164952064
677717239836094464
677702212215308288
677659703330123776
677659012389801985
677550216967507968
677415767567171584
677407183273873408
677339850752806912
677291451529621504
677288086619820032
677206760021606400
677148554503127040
677147753303052288
677147679852392449
677147639066988544
677147600772968448
677147507516772352
677146400749056000
677140683174649858
677139452033032193
677123407142510592
677122599076302848
677121102405984256
677118427048218624
677114661028782080
676980412875427845
676947988841910273
676946298436755456
676935091822706689
676917449099501570
676916980138512384
676916343241875457
676915939225567232
676915833923313665
676915749458468864
676915412446093316
676915023957094400
676914569508425729
676914116330655745
676913834234388480
676902775536623616
676880260667805696
676876941673140224
676832614683054081
676818721223000064
676814742313242624
676812123322781696
676790691775643648
676789004356816896
676787403579756544
676786396036661248
676777302059974656
676775704743186433
676770949451022337
676763189174931456
676658032630104064
676656671964291072
676656405449805824
676655840514859008
676629461052166144
676580376249110532
676571597285687296
676559160318803968
676557511458226177
676546220425375744
676540954325708800
676528489105879042
676513450080739328
676511898704216064
676509769562251264
676494179216805888
676467649493254145
676426648355512320
676279366184247298
676234546644406273
676233511720910849
676198180757852160
676174398253068289
676173501196345344
676173190440353796
676172797475995648
676168570049601538
676167713845194752
676167468780412929
676165531695783936
676164195168206849
676163425291116544
676159853681856512
676156511039590400
676093580365156352
676092113084407808
676089401219358720
676076928382722048
676030743609520128
676030553716613122
676029756287119360
676029412811345920
676029050536796160
676028931292725248
676028738199527424
676028565494874113
676024767141515264
676020786705137664
676019767401127936
676018460250537984
675932562523594753
675910224855855104
675907296795484161
675903932292575234
675903795218538497
675903541542838272
675902321482727424
675827465353306112
675811518508847104
675795067035107328
675757322807975936
675756151322058753
675755354429460485
675692032380289025
675691481575923713
675643386355916800
675643039780589568
675638235197005824
675637591006420992
675637288303464449
675633951709519872
675633579691479040
675566083814899712
675539497522700288
675531108356870144
675527424604569601
675523728055410689
675517162115743744
675462574922702848
675440875820969984
675432232492916736
675429342034403328
675418949547384832
675417305862569985
675403252209422336
675300062403108864
675298842200440832
675297372642148352
675296416529534976
675295251515445248
675277557168779264
675174167591985152
675173006231117825
675172753939562496
675162827796148230
675125408803774464
675123192864899072
675120752941772801
675120470346358784
675034063447662592
675011172496723968
675010496723083265
675006876204027905
674978395718033414
674938181918269441
674936832010887168
674934005725331456
674924540347195392
674921565717438464
674919175681400832
674917524597825536
674812864834772993
674807249324371970
674806914904137729
674805096732098560
674804715591483393
674803821651083264
674803728269053952
674795406480535552
674792293862408192
674789817826324480
674787737979985920
674777043163332608
674774413095673856
674772697113567233
674737483452686336
674737158108946432
674690302054146050
674688436863950848
674670225925763074
674661340452114432
674622875521974272
674619869967593472
674617775697055744
674610092344496128
674587800835092480
674579252956815360
674578928741257216
674578805906931712
674578580681134080
674577809877147648
674560648790089728
674446622265376768
674446382871265280
674443666455461889
674442309874921472
674422386620502016
674382044097449985
674381255933300736
674370442908577796
674366424467533825
674338110264762369
674330315373084672
674317248803307520
674234492287123456
674233304682483712
674085654549131264
674071761193984000
674071269248278528
674070230654676992
674069045289816064
674068650912055296
674067370680279040
674067021718355969
674066628754210816
674066482322649089
674010482123124737
673996874781708288
673993417429524480
673982228163072000
673981206267039744
673980905506127872
673980823993978880
673961899801858048
673950293801979904
673917316837543936
673917220121112576
673905762087936000
673902143389175808
673885376742825984
673884271954776064
673881733415178240
673865641892421632
673860700809351168
673741357190615040
673736828982321152
673708549034401792
673682597680140288
673679711437004805
673675346030542848
673675062600466433
673672413863927808
673671001171992576
673670745034260480
673670479622852608
673669973848563712
673669544506953728
673668717440536577
673667868261752833
673667223848882176
673666079022039041
673660010409369602
673655438060204032
673641058518069250
673632025836961792
673618735228391424
673606285187801088
673606013984075777
673587704572092417
673583777646583808
673564922383613952
673564787830341634
673562801701568512
673562693983412224
673562181955358721
673559928905326592
673540044188200960
673525396063854592
673523559109681156
673522244547682305
673515997538684928
673515469245165569
673512038522626048
673510411682099201
673301477901910020
673300896151969792
673300749649059842
673300588654927872
673299830094057472
673279131627495429
673219662516264960
673162414372880385
673118526056583170
673098948479987712
672983608039235584
672983285514043392
672982920504700928
672982761033097216
672982160463253504
672981661081075712
672979724373770240
672979365668499457
672958422443286528
672936765611778048
672926510924374016
672913540525785092
672912359829200897
672893989150982144
672877439400460290
672876853120626688
672826404531257344
672792662865506305
672787852246319104
672768400914055168
672729880983900161
672727277134880768
672721643207311362
672642650940555264
672641905117761536
672641685004906496
672640751227019264
672640248707436544
672626157850861568
672572285157445632
672543213639630850
672511106259288067
672505918941241345
672505752964235265
672504459239538688
672498342656634880
672497550113570816
672492218003902465
672489573906255872
672457707912302594
672457332228530176
672420556097089536
672403666809298944
672403217074884608
672403077597560832
672402793764806656
672401996826206208
672390580379459584
672390230691966976
672389616998227968
672385846776094720
672385395108290561
672385109820112896
672384440270782464
672382998499753985
672380190992003072
672380030580891648
672379785000128513
672203184069300224
672201832761040896
672200805613748225
672200661614927872
672200505414782977
672200232856395778
672199062519705600
672198072190017536
672182753190944772
672182509111767041
672182242312105984
672152791717158917
672149956208271360
672148069027328001
672131952628113408
672121743247597568
672062958613172224
672047352174219264
672028730819244034
671876653522505728
671876081012576257
671834754434641925
671827564948754432
671826412517609473
671825859762896899
671809420368740355
671809255561932806
671808638093287425
671808380420378624
671807635759345665
671792709292720129
671792600052027393
671756384694870016
671723475418144768
671716793195634688
671710514007904256
671709367482347521
671706994336768000
671538047763238912
671458994196758528
delete and reinsert: 671458994196758528
671437896088440832
delete and reinsert: 671437896088440832
671394946721685504
delete and reinsert: 671394946721685504
671353097575362560
delete and reinsert: 671353097575362560
671348849647198208
delete and reinsert: 671348849647198208
671330229596659712
delete and reinsert: 671330229596659712
671329839408930816
delete and reinsert: 671329839408930816
671316960857219072
delete and reinsert: 671316960857219072
671316321443954688
delete and reinsert: 671316321443954688
671316172005113856
delete and reinsert: 671316172005113856
671308887178551296
delete and reinsert: 671308887178551296
671162038136250368
delete and reinsert: 671162038136250368
671161184058515456
delete and reinsert: 671161184058515456
671159472316903425
delete and reinsert: 671159472316903425
671140719629848576
delete and reinsert: 671140719629848576
671140455866892290
delete and reinsert: 671140455866892290
671140157148536832
delete and reinsert: 671140157148536832
671139933277540352
delete and reinsert: 671139933277540352
671138957279776769
delete and reinsert: 671138957279776769
671138776740175872
delete and reinsert: 671138776740175872
671137901959356417
delete and reinsert: 671137901959356417
671082260507066369
delete and reinsert: 671082260507066369
671081632422567936
delete and reinsert: 671081632422567936
671080580939964417
delete and reinsert: 671080580939964417
671079078502514692
delete and reinsert: 671079078502514692
670900180191993856
delete and reinsert: 670900180191993856
670900057252700160
delete and reinsert: 670900057252700160
670815771874979840
delete and reinsert: 670815771874979840
670815295091683328
delete and reinsert: 670815295091683328
670813764304953344
delete and reinsert: 670813764304953344
670812287754747906
delete and reinsert: 670812287754747906
670811687000350721
delete and reinsert: 670811687000350721
670811363095273473
delete and reinsert: 670811363095273473
670759653408710658
delete and reinsert: 670759653408710658
670754851203227649
delete and reinsert: 670754851203227649
ended date range: 2015-11-29 00:00:00-2016-01-01 00:00:00



----------------------ENDED-----------------------
