STARTING: 2015-12-31 00:00:00
ENDING: 2016-10-31 00:00:00
---------------------STARTED----------------------


started date range: 2015-12-30 00:00:00-2016-02-01 00:00:00
https://twitter.com/search?l=&q=from%3ArealDonaldTrump%20since%3A2015-12-30%20until%3A2016-02-01&src=typd&lang=en
693806043407618048
693807728611893249
692918726795104256
693056021896519680
693245205617758208
693122207799721985
693219967215493121
693066810934063104
693776360750190592
693413034044297216
693280682534137856
693832776844378113
693171827363991553
693067485629825024
693803936965197824
693263187702059008
693434873600720897
692939547622137856
693082003881775104
692955330213498884
692864417101287425
693183469967560704
693144862208757761
693902396485799936
693243553271713792
693139866297700352
692942626627174400
693771408896229378
692945294833643520
693054880622198784
693773484984434688
692952864801579013
693471204469035008
693247721453543424
693241143744696320
693778147439824896
693806945505976321
693866510578651138
693801552855740416
693250845333389312
693138448371286016
693838082282430464
693252301511901186
693239943519453184
693782388564865024
693784955537592320
693251574898884608
693774895591763968
693116922808963072
693456598346436608
692844273717219329
692840931259625472
692794133124116480
692766854453006336
692762083822301186
692735015428431872
692724677945483264
692708773400449024
692701271405563904
692701142803939329
692700474278055936
692698645863518208
692695601419567104
692681024489263104
692677570282786816
692675094242578432
692674640645353472
692674460181270528
692674198230142976
692673742863011842
692673426402713600
692673284563935232
692672982792040448
692672831386210304
692672615425691648
692672195559067648
692564413811941376
692558816592920576
692553019150503937
692551355920158722
692542762445594624
692479630931001349
692467143896604677
692457315941900288
692430362966921217
692422072967020544
692331943132794882
692312112115380224
692205512130215938
692171744845664258
692115662899167236
692103529947729920
692093970034343936
692093215944654849
692072438323113984
692054432905850884
692045676079874048
692045112872820736
692028126189199360
692025339812380672
692018253678415873
692012875775414273
692000115800825858
691992813177847808
691992472889724929
691992417336172544
691967215097221120
691966649973522432
691943033663782912
691942336746635264
691934371654270976
691850438119952385
691848058234146816
691847785222660096
691847162615992320
691839864514461696
691839304377700357
691838442536333313
691836764185608193
691809933470343169
691770256268922880
691770208927752193
691765618433998849
691745796128165888
691743513483026432
691743052529012736
691742501212983296
691727819039227904
691709981171814401
691686778349187072
691685615415496707
691664806374436864
691618223800852480
691614582884954113
691613075984752640
691472733729902592
691472343449870336
691472012750016513
691471643982614528
691470996021329920
691385168679038977
691383618137001984
691383221716656128
691382705217523712
691381497740267524
691287273996886017
691276412666261504
691262461450715137
691189883939872768
691186141756674048
691180801900175360
691180597268520961
691072793853632512
691068215342952448
691068100830040064
691041847905390592
691013266584137728
690994502710874112
690991386011705345
690991290310197248
690990909719052288
690947906308681729
690940712578195457
690940125014917120
690939641617211393
690913646117974016
690912264094781440
690908222249512960
690896236765806592
690890625722396672
690889964599382016
690889105035538434
690884779693051904
690732776920743937
690717760205275136
690716679496679424
690709138884661248
690708850664669185
690708660377513984
690701138899898368
690684930259423232
690682782163447808
690682449387397120
690680515800596480
690672420433178624
690669496621633537
690656497022337024
690649956634353666
690641744287760384
690636948864512000
690585875365756928
690562515500032000
690560942430523392
690560125916975104
690540484154896384
690537121916923904
690534576066719744
690534215478173697
690532959363866625
690530164711624705
690529690205818880
690529122326413314
690528526181601281
690528407117889538
690528062190944256
690382722162913280
690382619213742082
690382564494839809
690337376061788161
690336644281581568
690315667636023296
690315366564626433
690272687168458754
690271688127213568
690180284189310976
690176882055114758
690173226341691392
690171403388104704
690171032150237184
690170154672529408
690169884597092352
690167662698110976
690163844618956800
689956187434020865
689955649137016832
689941704342921217
689941247549640705
689913293759115264
689838094158168064
689804695221600256
689768331776098304
689768040892792832
689660056489431044
689625883913560064
689625540722950144
689576854089404416
689519657414320128
689510460819828736
689482404990361601
689474228907716609
689467901582020609
689466630741463040
689463443791880192
689458468835569664
689458393283563524
689451985557331969
689429603614502913
689292259276226561
689275203151654912
689265377872867329
689263744443138049
689232143818579968
689173145513791488
689142431477010432
689097658976317444
689097594182725632
689096917817671682
688927113903247360
688829594472939520
688827531143806979
688779451019210753
688743019479171072
688720409865383936
688517545293406208
688445495174393856
688443772565348352
688428417235218433
688427218901532672
688426349652910080
688426156920459264
688425749129211905
688393139435008000
688355751463636992
688352797251792896
688335640925061124
688334268804804608
688333063093374976
688328034651361280
688327093214662657
688324874604023808
688190779773210626
688183605491703812
688179414585053184
688175313348505600
688174117929881601
688169779308310529
688105040104435712
688084656072298496
688020474744467460
688017079996407808
687779981800390656
687728866698342400
687727739516891136
687726829474562049
687726670862794752
687717134890307588
687716107633950720
687716042555191296
687706466124492800
687511035385909248
687510877847851008
687510877835280384
687490653153050625
687436400958947328
687353545063030784
687338908837908480
687338519732293633
687279537323782144
687275646561693698
687271496012664833
687245182127964160
687148683712958464
687130047422042112
687128203031375873
687108096926330880
687106714521464833
687105848699662336
687027364933550080
687008301356322817
686996181268983810
686927355844116480
686765292412878849
686764361600364545
686754981161078785
686753035637370881
686741878579064832
686740083265957889
686726788144300032
686725838746836992
686682823932153856
686643969657319426
686634552748584960
686626351449804803
686626127213924356
686573482461794304
686565549028044800
686558650576539648
686552786952130560
686552289516105728
686337471123197952
686327439870574592
686293133961871360
686293040496009216
686292962846871552
686292802708320258
686280225731293184
686254121435807744
686253395024297984
686252152042336256
686182981891801088
685977617145663492
685977534983462912
685977438527078400
685883989039656961
685882772540534785
685882755020898304
685873644308926464
685855280798674944
685854865998884864
685848940298776577
685829999467872256
685829026175401984
685644333022851072
685606815267221504
685600012043202560
685590843181416448
685584095120887809
685582649679867904
685571686423461888
685533340074688512
685490467329425408
685302951821340672
685302633897312257
685302314740113408
685297899887063040
685296929656422401
685285573943279616
685207046921269249
685205850558980097
685205769030078466
685149937856819200
685136336920129536
685135364584017920
685132443393867776
685130082646626305
685089631973601280
685087910169808896
685060524548222976
685057265989189632
685054952754941952
684875944352432128
684844313528942599
684832481414148096
684817323333693442
684817275430539264
684751768522194944
684742583520722944
684585121039552512
684584079983915008
684582854613807104
684582462022758400
684581798504955904
684581639561822208
684581112161636352
684564419557339143
684563455001636864
684562852372426752
684531959939371008
684435524346613765
684432562241015808
684429853433696258
684417452906774529
684219579548041218
684218836569206784
684218305100525569
684217554861199360
684216973815844866
684216903863250944
684216660933361664
684216070463447040
684199772203397120
684198370349572097
684197871009292292
684102012141703170
684064699760115712
683976902055297025
683806644124385280
683789875653513220
683789635189882881
683739850185543681
683738198703509506
683736913631653888
683725499391164416
683712803392323584
683708260784967680
683690682649833476
683655884547973121
683652037800755200
683648845033680896
683522343680000000
683521627930365952
683521456790220800
683511482684936192
683509528453869569
683443848639455232
683418056417251328
683394224184758272
683392613869858816
683378470093746176
683377290282156032
683277309969694720
683260753810440192
683259029804695552
683140004625936384
683128636279361537
683127297457700864
683070410993364992
683066650627846144
683066224251645953
683062751434899456
683062220490715136
683061678246903808
683060654098530305
683060169677344768
683037464504745985
682805477168779264
682805320217980929
682792967736848385
682764544402440192
682723973449289728
682703233492619264
delete and reinsert: 682703233492619264
682700657304989697
delete and reinsert: 682700657304989697
682635132038176770
delete and reinsert: 682635132038176770
682605293856002048
delete and reinsert: 682605293856002048
682544630139863040
delete and reinsert: 682544630139863040
682516874748375040
delete and reinsert: 682516874748375040
682514849579057152
delete and reinsert: 682514849579057152
682513151431196673
delete and reinsert: 682513151431196673
682512214427828224
delete and reinsert: 682512214427828224
682508633805041665
delete and reinsert: 682508633805041665
682505316781654016
delete and reinsert: 682505316781654016
682504130645127168
delete and reinsert: 682504130645127168
682502608834170880
delete and reinsert: 682502608834170880
682501016454098945
delete and reinsert: 682501016454098945
682500655043506176
delete and reinsert: 682500655043506176
682499825309478912
delete and reinsert: 682499825309478912
682499601195253760
delete and reinsert: 682499601195253760
682428536855117825
delete and reinsert: 682428536855117825
682426302218014721
delete and reinsert: 682426302218014721
682414759942184960
delete and reinsert: 682414759942184960
682413776600174592
delete and reinsert: 682413776600174592
682319510251159553
delete and reinsert: 682319510251159553
682310784563720193
delete and reinsert: 682310784563720193
682297346240167936
delete and reinsert: 682297346240167936
682267088271110145
delete and reinsert: 682267088271110145
682227816394522624
delete and reinsert: 682227816394522624
682220279871979520
delete and reinsert: 682220279871979520
682201111948824576
delete and reinsert: 682201111948824576
682188516986646528
delete and reinsert: 682188516986646528
682188420400168961
delete and reinsert: 682188420400168961
682188146596036608
delete and reinsert: 682188146596036608
682187603681128448
delete and reinsert: 682187603681128448
682187393970126849
delete and reinsert: 682187393970126849
682186402621186049
delete and reinsert: 682186402621186049
682177311622467584
delete and reinsert: 682177311622467584
682048994705584129
delete and reinsert: 682048994705584129
681997481740087296
delete and reinsert: 681997481740087296
681997425356095488
delete and reinsert: 681997425356095488
681997313925976066
delete and reinsert: 681997313925976066
ended date range: 2015-12-30 00:00:00-2016-02-01 00:00:00





started date range: 2016-01-30 00:00:00-2016-03-01 00:00:00
https://twitter.com/search?l=&q=from%3ArealDonaldTrump%20since%3A2016-01-30%20until%3A2016-03-01&src=typd&lang=en
703777173296046080
704026393865265156
704332561296855040
704000708236996608
704062727082385409
704392435829493764
703612722991075328
703611696233852929
703691273455034369
703923471391264768
704001490759725058
704014599708876800
704438057202819072
703711236865720320
703996959544250373
704100078743625729
703601762876305409
703600613897023488
703915198864887810
703974892237135873
703628555658264576
704111284095225856
703715567765737472
704379918222696449
703901249691901953
704064261413273601
703896353416617984
704440884029493248
703900742961270784
704284013461180416
703888318245773312
703607992424345602
704023054813433856
704324651384762368
703904675289042945
703896507465015296
703764924288409600
704019808363352069
703917643930210304
703927132339216384
704285794643668992
704000092840325120
703984812105793536
704312346706124800
704002523980558336
703894673086095362
703895967439970306
704342660933427201
704339457974132736
703976101073309697
703598661419167744
703596766801756162
703567344212160512
703562075616849920
703446072216014848
703444081251254272
703442830211964928
703416483653652481
703401239266996225
703332298821775360
703326546686115840
703325481265815553
703321647701307392
703257866820415488
703252552641478656
703252241487036417
703251956198875138
703250152744550400
703230455546404864
703218582310641667
703217073724399616
703195408747491328
703195301780172800
703195229181100032
703195045151682560
703194690498088961
703194213752528896
703121943944237056
703121060430901248
703120811918385153
703111149764489216
703110934869336065
703110347356409856
703109705900535808
703099408271822849
703095453496188929
703092155577831424
702980499388669953
702953023736250369
702930575083106304
702913398154125312
702911293813080065
702897056181055493
702896239520645121
702894623761498112
702891487776866306
702887030892658688
702833969537142788
702706412980453380
702698194115944448
702687277189873664
702685373420474369
702680874752540672
702680558057422849
702680136513155072
702679818194841600
702679486496706564
702671227048075264
702668337671708677
702662052079390721
702661309532409861
702641468398292994
702640425623003136
702635699594469377
702632760368885761
702632410341576704
702608081314816000
702561529447763968
702560558269202433
702542084776001537
702539414224936960
702526610646429696
702525836948336641
702519153446400000
702484363695370241
702378896621236224
702367612232142848
702312059690622976
702311041762332672
702310109100126208
702308297886400513
702268900562448384
702194423048699905
702180291448680448
702178985430503424
702172591813857280
702158475091021828
702157754283130884
702155553485619200
702155147695284224
702149896325890048
702147760926011393
702141081027104769
702140146343280640
701999802033111040
701977550315098113
701957484328583168
701956476571512832
701954385404760064
701945579333513216
701944029315923968
701943239054532608
701941907052634112
701941803327426560
701940652339122176
701924334621716480
701876939095543808
701875717504536576
701872910764343296
701871659150548993
701870081827966976
701868541545295872
701842514760724480
701801713385115648
701781556151517184
701780921163259908
701779181986680832
701763900333649920
701763676378796033
701762526158061568
701750410621497345
701746070162792448
701743902093504512
701558980682891266
701437415047700482
701435508283588608
701374019644366848
701369894479273984
701363192669331456
701269540844527616
701240216745603073
701196121759068160
701162206914879490
701098843635580928
701089616825159680
701084443889381377
701082607782592514
701078699118989312
701066624800059393
701063872615096320
701063288193421312
701063078071418884
701062516911251456
701045567783219201
701044871587454976
701044380476375040
701044235764502528
701043432354095108
701033286223572992
701033104605999104
700799986104029184
700799329620140033
700796528844103680
700795257181437954
700795170023825408
700787183872057344
700784408870182913
700784179076853761
700779489907892225
700779318260195330
700779226715316224
700779139985440769
700779018405150722
700755931420823553
700754883125886976
700562845096804352
700472856350691329
700471960526987265
700413494580084738
700413065595113473
700381146392195074
700321698780991488
700320270620454912
700311461734850560
700310777681592320
700306531720499201
700295391842058240
700280013107523584
700271935276634113
700269643789955074
700096775454138368
699995449718153217
699992347115982848
699989532180135936
699989306333650944
699968804311470080
699966633918525441
699966498819940353
699913243251339265
699909634279268352
699902050059055104
699805136038846464
699802531992629248
699801607177945088
699794784509108224
699793608963198978
699791469532594177
699733970158800898
699728584575946754
699702258792034304
699659811420553217
699654401481449472
699573221633425408
699554325622886400
699546805143523328
699447731606130688
699441442041815040
699341413448871936
699328126631870465
699284455282884612
699283248506105856
699283203027292161
699232824990285824
699230466130513921
699207531118383105
699187712553807872
698990680719360000
698977598844637185
698976776115130369
698973988891009024
698921597466472448
698882145297764353
698882048069652480
698854046447333376
698853277706784772
698837314894766080
698758514559340544
698755140602499073
698752909236969472
698751641873444864
698742963447451648
698740358688194560
698739578002403328
698677500491075585
698661220258357248
698660826463539201
698658112031604736
698636369229385728
698634582120333314
698588558089707520
698588112994353152
698565809128472576
698565437844488192
698557683838947329
698557567254056960
698552709281116160
698551938531590145
698549889316294663
698549517663260673
698549401082527744
698548066643800064
698546735652716545
698546455309611009
698526221525610496
698523060350140416
698522430847983616
698370366369038336
698338315205013504
698336821349117952
698334356079833088
698303565232623616
698283521245319168
698263859753316352
698260813866471424
698259611833520129
698254119631507457
698242702194954240
698231571594276866
698219929762398209
698210543467896832
698210486437937153
698205519383646208
698179564107886592
698156678496305152
698115252844634112
697998702477242369
697996266345795585
697985595554066437
697949869961568256
697944232997294080
697922955007893506
697919015688278016
697882687923752961
697869206893756416
697825190282182656
697815901190619136
697807321167224832
697800242553581570
697785447771172864
697613947655086080
697604044269953025
697595370940006400
697594507777482752
697568064611561472
697440600535203842
697414064763510784
697404736211959808
697404578019598336
697404309814800385
697286805125726208
697263333959995393
697263254083489792
697183070357753862
697182075045179392
697173206663213057
697099208415903744
697077741640880129
697065472425123840
697062728582766592
697051619427397633
697050425195941888
697033106608541697
697031343272812544
697029254584934400
697027290820186112
696908121327980545
696821227739082757
696782375863394304
696781378596302848
696763168178204672
696734735578615808
696733541313474566
696732694135312386
696669855416766467
696665030549487616
696514666843996160
696463477104365568
696447301783592961
696428451977433088
696424442717601792
696370121154150400
696346322735988736
696329245866512384
696328503428575232
696322405002780676
696285674689921024
696285462839824384
696285038644764673
696284792845942785
696283930069172224
696283485741383680
696281532974157824
696281114269376512
696279000755347457
696278895952273408
696278368296296448
696277390650171392
696218684856074240
696218405825810432
696217877679108096
696124722321481728
696085979560591360
696061839554318336
696056207824580608
696048400081555456
696030020372930560
696025012424306690
695989902031331333
695981303460712448
695979656617578496
695820186713264128
695817078884929536
695810810166317056
695810703542845440
695809280587534336
695806716601040896
695801946347806721
695799815939190784
695791084413317124
695789403374014464
695747401546477568
695747007525294084
695742029083574274
695716589388308480
695707547395891202
695705786903830528
695664927483240448
695650797615521792
695646188297699328
695425318476083200
695412367136436225
695373506976976901
695278741048684544
695252170535477249
695134210273775617
695133873139752960
695133644562628608
695133044940759040
695082204100071424
695072233610280960
694996040349540354
694984862122561536
694984821093830656
694979360441384960
694964856609439745
694963798273323008
694960957928431617
694890328273346560
694888332099239936
694885775431835648
694884902618165248
694882228665507840
694879900256354304
694750254378422272
694647454365552640
694611948940443648
694607450750717952
694606525835431936
694603879330287616
694602643201744900
694601530650050560
694600151894212608
694560681090248704
694559410488737793
694558166697271297
694554471154749440
694551687080644612
694149534918651905
693989991953739777
693902396485799936
delete and reinsert: 693902396485799936
693866510578651138
delete and reinsert: 693866510578651138
693838082282430464
delete and reinsert: 693838082282430464
693832776844378113
delete and reinsert: 693832776844378113
693807728611893249
delete and reinsert: 693807728611893249
693806945505976321
delete and reinsert: 693806945505976321
693806043407618048
delete and reinsert: 693806043407618048
693803936965197824
delete and reinsert: 693803936965197824
693801552855740416
delete and reinsert: 693801552855740416
693784955537592320
delete and reinsert: 693784955537592320
693782388564865024
delete and reinsert: 693782388564865024
693778147439824896
delete and reinsert: 693778147439824896
693776360750190592
delete and reinsert: 693776360750190592
693774895591763968
delete and reinsert: 693774895591763968
693773484984434688
delete and reinsert: 693773484984434688
693771408896229378
delete and reinsert: 693771408896229378
693471204469035008
delete and reinsert: 693471204469035008
693456598346436608
delete and reinsert: 693456598346436608
693434873600720897
delete and reinsert: 693434873600720897
693413034044297216
delete and reinsert: 693413034044297216
693280682534137856
delete and reinsert: 693280682534137856
693263187702059008
delete and reinsert: 693263187702059008
693252301511901186
delete and reinsert: 693252301511901186
693251574898884608
delete and reinsert: 693251574898884608
693250845333389312
delete and reinsert: 693250845333389312
693247721453543424
delete and reinsert: 693247721453543424
693245205617758208
delete and reinsert: 693245205617758208
693243553271713792
delete and reinsert: 693243553271713792
693241143744696320
delete and reinsert: 693241143744696320
693239943519453184
delete and reinsert: 693239943519453184
ended date range: 2016-01-30 00:00:00-2016-03-01 00:00:00





started date range: 2016-02-28 00:00:00-2016-04-01 00:00:00
https://twitter.com/search?l=&q=from%3ArealDonaldTrump%20since%3A2016-02-28%20until%3A2016-04-01&src=typd&lang=en
714189569793646597
715668280153911296
714807977052610569
714967208439451650
713821835402616833
715013260462960642
714619931938197504
714581379351252996
714175472557424640
715291320563146752
714075020113240066
715536209385115649
714855791199719424
714194279409848320
714503667261562880
714619106151030784
714577392367443970
714899439706574848
714581499362803713
714818473382248448
714214633016573953
714898756420939780
715286909824663552
714891184867508224
714260201927520256
714911110575562753
714264864575922177
714926538714660866
715223526635094016
714095595888238592
715216002347360256
714894618333212675
714825845504942080
714855025055514624
714925079247847424
714198237675003904
713809729764589568
714617467839111173
713820823665119232
715636703369691136
715664091893731329
715616148335759360
714411420104925184
715372505486245888
714463489503404032
714591260791713792
714093135857631232
714423264039317505
714578358022090752
715369991214866432
ended date range: 2016-02-28 00:00:00-2016-04-01 00:00:00





started date range: 2016-03-30 00:00:00-2016-05-01 00:00:00
https://twitter.com/search?l=&q=from%3ArealDonaldTrump%20since%3A2016-03-30%20until%3A2016-05-01&src=typd&lang=en
725115824206450688
725017409132855296
725378591567941632
725501700933586946
725022988026925058
726115856053211136
726403534380478464
725636069010579457
725722027173249024
725024671293423616
725532457756405760
726555060306595841
725119398881665026
725502314736422918
725796339255267328
725648706385633280
726246693759496192
725392976525037570
725022169806327808
725677423195512833
725022546328969216
725847301172776960
725903475133947904
726079789182808065
724954532522917888
724996031033806849
725396879723384832
725448150547349504
726045073775828992
725637460504510464
725419855265026048
725899554273423360
725377800954220545
725524257883697152
725380064272105472
725380639269228544
725535327927042048
725024710086524929
726461507601612800
726008645473824768
725050631250173952
725659482819297280
724993336000532480
726514136838975494
726439344072962049
725824909151199232
725817204743217152
725114320993017858
724942956306771968
724911563405189121
724778089830580224
724772013219405824
724722427297673217
724721256969441280
724718355102478336
724633177692725254
724633058398375936
724568416338759680
724567219062059008
724445148910915584
724442801933565952
724409389570994176
724237889886904320
724237406837334016
724236857777762304
724236172181049344
724055614498955265
724052308661772288
724050713953861632
724039081420808192
723972167893966848
723885342743494659
723873688001589249
723853244238278656
723682291843780608
723663455748763649
723655961999736833
723637770758033409
723565939162275840
723526822424678400
723274222907301888
723266899275091969
723094439485399040
723092613457448960
722974716395425793
722967703313612802
722967660833722369
722920297393995776
722818508665454593
722802795720634368
722767517349978112
722635529708285952
722628702748688385
722626421231890432
722592772096724997
722589315923054592
722576418752892928
722573329400520704
722573028677304320
722545371809980417
722528613690654724
722511721257181184
722501079297048576
722489659117420544
722483180826181633
722471042367778816
722455189911953409
722443916742639617
722397728475582465
722266479660556289
722264735966748672
722181629528141824
722120138057740288
722017428520243201
722016321119121409
721987186732703744
721836860356628482
721805701325172736
721708342838747136
721695114943442946
721694330805755904
721693297429901312
721691854849318912
721531225916223488
721495328097042432
721491758236962816
721485578278203397
721458878622363648
721450634520584192
721450217384579076
721450040552722433
721401779276144640
721371631118127104
721344559205244928
721307257472999424
721306189867413504
721145563970936833
721144953192247296
721144689647316992
721140843525050369
721083678387003396
720821603064524800
720671808861696003
720473496187498496
720464540375375873
720460065958989827
720458178698338304
720417893696040960
720247344197820416
720117231821156352
720116836617072641
720097594207268864
720012484174811136
719920610210615296
719918725936373761
719830679765270528
719699403435585537
719662034573504517
719658640848723968
719648132225699840
719630850716000257
719630780499128320
719626295248863232
719548022871482370
719500540657459201
719484822834581504
719484713182838784
719484455556161538
719476340576100353
719326834538778625
719321288301486081
719244517929578496
719159990834081794
719158083684069376
719125225728827396
719124172903997441
719001329759363072
718999512283484160
718998304810512385
718998170315976708
718997676747067392
718997528923021312
718996943100375040
718993739348361216
718993345197027328
718992948193570816
718913705111613440
718771185757077504
718761006068051968
718636301587771392
718634255107166208
718632666057285632
718628272188309505
718627776178360323
718627523417010178
718626552704077824
718618061683703808
718617242422939649
718546390390071296
718530443272970240
718518072861192192
718516815782088704
718410936562925568
718410250437705729
718409541273194497
718408900375154688
718269634814865410
718269255872081922
718268906176122881
718268624012754944
718259314197164034
718159369033162752
717910383491751936
717872274569822208
717872177782124545
717753959176396801
717483825446707200
717433113882787840
717400207898591232
717321031321432064
717189147497091072
717170068430397440
717158349008011264
717140417469349888
717096171068661761
717092823326064640
717088318068891648
717050067840929792
717027537990365186
716826069777645568
716811670031581185
716780878777556994
716774329837420544
716727859876917248
716688097237458945
716683752227913728
716639648873844740
716622947901915136
716621639564324865
716621438535471104
716620675071537152
716600252934041601
716590192413507584
716464023273910273
716462678802345984
716412682581053440
716362367119069185
716362171404435458
716359318828769280
716344003789266944
716222480738869248
716088246258651136
716085112610426880
716078699175682053
716031548382773248
716020373045841920
716019755682045952
715980291672829953
715973328868085761
715907894584197120
715907761926750208
715758039836594176
715756428447858688
715725628465680386
715668280153911296
delete and reinsert: 715668280153911296
715664091893731329
delete and reinsert: 715664091893731329
715636703369691136
delete and reinsert: 715636703369691136
715616148335759360
delete and reinsert: 715616148335759360
715536209385115649
delete and reinsert: 715536209385115649
715372505486245888
delete and reinsert: 715372505486245888
715369991214866432
delete and reinsert: 715369991214866432
715291320563146752
delete and reinsert: 715291320563146752
715286909824663552
delete and reinsert: 715286909824663552
715223526635094016
delete and reinsert: 715223526635094016
715013260462960642
delete and reinsert: 715013260462960642
714967208439451650
delete and reinsert: 714967208439451650
ended date range: 2016-03-30 00:00:00-2016-05-01 00:00:00





started date range: 2016-04-29 00:00:00-2016-06-01 00:00:00
https://twitter.com/search?l=&q=from%3ArealDonaldTrump%20since%3A2016-04-29%20until%3A2016-06-01&src=typd&lang=en
737243856144629760
736875933999697920
737610159459991552
735968169001684992
736336185086222336
737376803514286081
736961734167146496
737689416811073536
737688582849171456
737784398515441664
736655448993107968
737785114239864832
737753549564694528
736554410361409536
737056428452630528
737036608915034112
737376356795875330
737778668785766404
736671884247478272
736197797314101248
737239685295181824
736672123012427776
735908158330130432
737241411465170944
736388616214220801
736655375911530498
735959405565378560
735942401165033477
736249593352966144
737054226833149952
735946241322799105
736381305785581568
736410143378792448
737242018687164416
736441853097218048
736569533738156036
737237313034563585
737055532960223233
737402123453878272
737785345459113985
737238518775320576
736655485814857728
737596690257969152
736016335197458434
735945699834007552
737232540436664320
736336010808688640
737399475509985280
737242189055594496
737242308261842945
ended date range: 2016-04-29 00:00:00-2016-06-01 00:00:00





started date range: 2016-05-30 00:00:00-2016-07-01 00:00:00
https://twitter.com/search?l=&q=from%3ArealDonaldTrump%20since%3A2016-05-30%20until%3A2016-07-01&src=typd&lang=en
748163921383723008
747888354126069761
748345210372038656
747900114363092992
747888895581372416
747424042181791744
747415955400196096
747899586593890309
747206160806219776
748528593634992128
748599572230975492
747098691492786176
748219891577131010
747191624535511040
747030708678430720
748142709932756992
746908869134262272
747190075344162817
747874261583470592
747873311531614208
747227503329173505
748599711792234496
747874856130183168
747240949370261504
747208970201333760
747873880103059457
748569874042064900
748343042994733056
747986907162877952
748599438034206720
747418754255052802
748590222988947457
747872257872125952
747241330552737793
747029963702996992
747950659111006208
747102432862273536
747027629652443136
748166232298381312
748163517455413248
748289375801323520
747178078682644480
748647669707350016
748141420528140288
748599094252273664
747105049352888320
747194865633595392
748331931616579585
747873024515407872
747873381077356545
ended date range: 2016-05-30 00:00:00-2016-07-01 00:00:00





started date range: 2016-06-29 00:00:00-2016-08-01 00:00:00
https://twitter.com/search?l=&q=from%3ArealDonaldTrump%20since%3A2016-06-29%20until%3A2016-08-01&src=typd&lang=en
759479059046883328
759070106546638849
759021886055387136
759506712516784128
759477522232901632
759524001613918208
759025610249216000
759071976182861824
759082026687352834
759450265208651776
759013889761697794
759425642723246084
759152897602916352
759070976181084160
759192213234393088
759450053379579905
759029315006705664
759064533814038528
759371648764108801
759024055123009536
759381869267980288
759507812963737600
759117301517996032
759017481633542145
759516008272932864
759185456818860032
759191265988653056
759513644258525184
759282300135809024
759014707277598720
759393092554424320
759372422692954112
759848885900763141
759222916387069952
759093740497764353
759843323909668865
759084522705068032
759013928315686917
759512042906587137
759509936002957314
759227755494072320
759515080010719232
759027356434518016
759592590106849280
759371377002553344
759088844683608064
759734698415312897
759743648573435905
759389559385952257
759457253925785604
759008377577967616
759005597899436032
758874457142284288
758873961425805312
758873275044798464
758872873234681860
758872422028148740
758871653547806724
758851150175055874
758802697763958784
758778607489708032
758771144140820481
758768028595032064
758761945910669312
758761521317023744
758732782348623874
758731880183193601
758680707979943937
758512401629192192
758511494669664256
758492727583576064
758491947409481728
758452289376022529
758422125254471680
758421383063961604
758380358874247168
758367154232320000
758350470402408449
758335147183788032
758331893809090560
758286077400580096
758285141982711808
758242674646323200
758240929564258305
758238226180083712
758236300554174465
758233935230959617
758135085820416000
758122684798607360
758121939365982208
758120321845235712
758117640200187905
758071952498159616
758071264128806912
758026136299397120
758021060503756804
758020997383684096
758004154417553409
757994830110658560
757919034755076096
757918002339778560
757916962269704192
757777369272815617
757775689525309440
757773671545044992
757760973419712512
757696233427312640
757693383481626624
757690343181737984
757690132111777792
757688331597668353
757687988189065216
757650904896139264
757618048664829952
757577508346888192
757576490213146624
757573051215147008
757571837463240704
757565892146454532
757552876348645377
757552713873891328
757546442240167936
757545252026712064
757538729170964481
757364534873128960
757361504895246336
757343025983057922
757338816487235584
757336511436075008
757335224397225984
757332905047752704
757315800466272256
757311921095925760
757309616254545920
757206444148158464
757205678821928960
757191160481873920
757187537681154048
757182723089895424
757174767547977728
757172536882913280
757012114460569604
756975589110779904
756974970312462336
756973646216884225
756962332228612096
756952917152784384
756883131685273605
756875689924694016
756866912848584704
756864330054893568
756804886038192128
756801575193042944
756799923648102400
756798838900396032
756699517534212100
756697615509688320
756691116464959488
756625700539465728
756490485116575744
756477153986895872
756475847004057601
756355884956127232
756338260230623232
756308357804335106
756216362784161792
756171983407243264
756140881862766594
756138994728071168
756129793054220288
756105919470116864
755975695940001792
755974701172817920
755973944054681600
755972980069376000
755972015249645568
755954295728541696
755944618802286592
755936439993589761
755932444310724608
755927861878460417
755912497643806720
755836720197795840
755810077307727872
755788382618390529
755787159735570432
755747074939949056
755746062204280833
755708398537154560
755551039244341253
755525857456844800
755502053003190273
755395950089211904
755254384062263296
755195907658883072
755176368783187969
755143081666744320
755142098190475265
755091783013507072
755087399286411266
754789482621243392
754788362368741376
754747849737461760
754747397700485120
754744188856565760
754730058913308673
754664207799451648
754662980164386816
754652888752910336
754650547932758016
754648419151511552
754645662357159936
754530838386208768
754530019200884737
754520788917780482
754516280615501824
754514805264973824
754348235951661056
754305404302139392
754304371186405376
754303051389861888
754301737431928832
754291925616852992
754136526087487488
753965070003109888
753962659293396992
753960134422900736
753750790590828544
753728269019549696
753720863606775809
753641197588152320
753603401854881793
753580257895211008
753398572515725312
753355507721646080
753355262363181056
753354905897668608
753354233311731712
753353898472017920
753353259411054592
753351063407767554
753349911983235072
753349629870084096
753347448743964672
753338900647665664
753209883202351104
753205648154767360
753090242203283457
753063644578144260
752990888171831296
752985826993332224
752973319675273218
752911479251296258
752911332756840448
752910855939952640
752906803810279424
752860045084241920
752859250628648962
752849315094298624
752848856317059073
752834632907943936
752686998826131456
752667913820209152
752628125389955073
752618593196597248
752591157641744384
752471941416620033
752215352122208256
752211419634933760
752207752852832256
752110630031749120
751889266934964224
751797800690708480
751558217075945476
751529041988116485
751423658627829760
751405672877744128
751370918027489280
751232353129955328
751146264956395521
751145333107879936
751145002147966976
751115433273688064
751016366925344768
750865499660091393
750811268219543552
750714064574218245
750692436687585280
750691056551878656
750681915565477888
750678866532990977
750677864379453440
750668480559607808
750663349025767424
750650894040064000
750648675186147328
750548959240843265
750547338817638401
750545570293506048
750492628362334208
750397898861445120
750353319084843008
750352884106223616
750299631792291840
750286846534582272
750101826821877760
750094399456026624
749989709275885568
749987869452828672
749972298086645760
749970824766091264
749968796618817538
749965127278034944
749961528422625281
749959090210832386
749935837748596736
749934450868387840
749929565661884417
749721116911034368
749720224220475393
749718947973529600
749709462974435329
749706242579247105
749699315367612416
749698321074180096
749659173353299968
749350193095667713
749341789102960640
749264697233383424
749264383990194176
749262206672445441
749261242137710592
749261175968436224
749240145442922496
749237508916056064
749209816732672000
749208070505586688
749052325130534912
749049896431415296
748966167549603840
748926103931150336
748920081942327296
748906952713875456
748871858553024512
748869825208913921
748851849185243136
748851673313873920
748851569190318080
748712661764804608
748647669707350016
delete and reinsert: 748647669707350016
748599711792234496
delete and reinsert: 748599711792234496
748599572230975492
delete and reinsert: 748599572230975492
748599438034206720
delete and reinsert: 748599438034206720
748599094252273664
delete and reinsert: 748599094252273664
748590222988947457
delete and reinsert: 748590222988947457
748569874042064900
delete and reinsert: 748569874042064900
748528593634992128
delete and reinsert: 748528593634992128
748345210372038656
delete and reinsert: 748345210372038656
748343042994733056
delete and reinsert: 748343042994733056
748331931616579585
delete and reinsert: 748331931616579585
748289375801323520
delete and reinsert: 748289375801323520
748219891577131010
delete and reinsert: 748219891577131010
748166232298381312
delete and reinsert: 748166232298381312
748163921383723008
delete and reinsert: 748163921383723008
748163517455413248
delete and reinsert: 748163517455413248
748142709932756992
delete and reinsert: 748142709932756992
748141420528140288
delete and reinsert: 748141420528140288
747986907162877952
delete and reinsert: 747986907162877952
747950659111006208
delete and reinsert: 747950659111006208
ended date range: 2016-06-29 00:00:00-2016-08-01 00:00:00





started date range: 2016-07-30 00:00:00-2016-09-01 00:00:00
https://twitter.com/search?l=&q=from%3ArealDonaldTrump%20since%3A2016-07-30%20until%3A2016-09-01&src=typd&lang=en
770811688966770689
769539271678013440
769571710924263424
770568584443539456
769170204941164544
770971306766381056
770253550639251456
770021252002119680
769177810678067200
770771735092142080
770724546454417408
769647461459632128
770247094439469058
770250409843777536
769898524439896064
770245313345052673
770252177512230912
769143845892136960
769254655939321857
769322071297888257
770832664303587328
769311305480024065
769718184836472832
769252637350866946
769554782151331840
769185155198124032
769203012250112006
769592508879892480
769724556949020672
769221405820923905
770248548571021312
769021525638930437
770381482229657602
770040258796855296
770414693869649921
769323472048623616
769897797319532544
769331841316687873
769740626497679360
770417590351040513
769607369869266944
770039317142069248
769308316350623744
769552592158412800
770249086255661056
770248186241900544
770573355191631873
769253422549786628
770401822121005056
770330631783972868
769006162926669824
769003323856867328
769003073943457792
769002724218118144
769001435484688384
768922208987127808
768912241349517312
768904362211086336
768903697166368769
768791265811062788
768788761635356672
768667720149762048
768624405777944576
768623966713999360
768600125413273600
768578478266458113
768561716149915648
768499164967739392
768488555828183040
768467755339223040
768448216744488960
768280756682690562
768239855310471168
768196613680398336
768125054584393729
768119463421943808
768097204376510464
768083669550366720
768069472464666624
767889674530594816
767888297125355521
767870642716831744
767830376735735808
767706807619969025
767700760113086465
767685048703279104
767683204039974912
767679356466520064
767536943353696256
767532993686765569
767532557235806208
767531507665756160
767528750749810688
767520065608613888
767505383430782976
767150340726779904
767149890464018433
767149739418804228
767137098679853056
767135128950898689
767134774687330304
767133459148054528
767052374934421506
766863067858759681
766805485466988544
766791143291916288
766760721115938816
766629517083414528
766627569110249472
766616610975182848
766616361720246272
766585563805802497
766437671652556800
766432970441945088
766378021355921408
766246213079498752
766082563064623105
766038151206936576
766028026987491328
766002945485864961
765955844055760896
765953073072058368
765950471160954884
765902170084483073
765769891278381056
765765603743391744
765726909925851136
765688915932045313
765679267086684161
765629939811020802
765623972234948608
765284051938926592
765283490887790592
765269114973720576
764998650598686721
764976828914237440
764974286931169285
764870785634799617
764867963845484545
764866887511572480
764805340823248896
764803159692836864
764801590415024128
764799933325144064
764554121324204033
764553771879899137
764552764177481728
764546914683682817
764531827168186369
764529295901528064
764254551822196737
764186768522420224
764153606765412352
764084294704697344
764064821000056832
764055793951834114
764053208394182656
764045345332396032
763950742755434498
763949723833118721
763947916184522754
763857902490836992
763740672012738561
763558559833591809
763557327295438848
763519861406531584
763519444576370688
763516489865523200
763481802254249984
763477408909500416
763474491183816704
763433452893011969
763430568721784833
763398630812311552
763391459110313984
763385288295055360
763198483927011329
763180978588221440
763167671974232064
763167345405784064
763119571309998083
762982360853905408
762982142783676416
762981606755856384
762974889275953152
762842126900015105
762790167732035585
762781826549030912
762781418778791936
762777166476025856
762776440681095169
762775525756514304
762774321580367872
762773468479889409
762771974657495041
762669882571980801
762641595439190016
762439658911338496
762425371874557952
762400869858115588
762284533341417472
762110918721310721
762106904436961280
762104411707568128
762016426102296576
761988164382756864
761936929902452740
761931010548305920
761892829434183684
761773576101953536
761757988516401153
761754898602061824
761711856457125888
761693803120041986
761653875413618689
761549461893984256
761511930238496772
761386080272875520
761386025323225088
761385812390977536
761385317169496064
761331433810132992
761281473492189184
761279538106097664
761219396635361280
760976212068106240
760960985524043777
760957697579708416
760783130978648064
760765818917515264
760669268539301889
760594155835887616
760560366447370241
760552601356267520
760542646888652804
760538951581130754
760535661699035136
760532443061420033
760519847461658624
760420894271471620
760299757206208512
760293742381244416
760287440435187712
760255085561597952
760249495754006528
760247348673077248
760246898095775744
760246732152311808
760245342231158785
760229355784138752
760214225830772737
760213628926779392
760185303483187201
760185067054465024
760184664468418560
760184336603811842
760184176591208448
760184028293173248
760126146830794753
760125021280960512
760098514319835136
760095370185674752
760074526059270144
760070280932982784
759915863600304128
759848885900763141
delete and reinsert: 759848885900763141
759843323909668865
delete and reinsert: 759843323909668865
759743648573435905
delete and reinsert: 759743648573435905
759734698415312897
delete and reinsert: 759734698415312897
759592590106849280
delete and reinsert: 759592590106849280
759524001613918208
delete and reinsert: 759524001613918208
759516008272932864
delete and reinsert: 759516008272932864
759515080010719232
delete and reinsert: 759515080010719232
759513644258525184
delete and reinsert: 759513644258525184
759512042906587137
delete and reinsert: 759512042906587137
759509936002957314
delete and reinsert: 759509936002957314
759507812963737600
delete and reinsert: 759507812963737600
759506712516784128
delete and reinsert: 759506712516784128
759479059046883328
delete and reinsert: 759479059046883328
759477522232901632
delete and reinsert: 759477522232901632
759457253925785604
delete and reinsert: 759457253925785604
759450265208651776
delete and reinsert: 759450265208651776
759450053379579905
delete and reinsert: 759450053379579905
759425642723246084
delete and reinsert: 759425642723246084
759393092554424320
delete and reinsert: 759393092554424320
759389559385952257
delete and reinsert: 759389559385952257
759381869267980288
delete and reinsert: 759381869267980288
759372422692954112
delete and reinsert: 759372422692954112
759371648764108801
delete and reinsert: 759371648764108801
759371377002553344
delete and reinsert: 759371377002553344
759282300135809024
delete and reinsert: 759282300135809024
759222916387069952
delete and reinsert: 759222916387069952
759192213234393088
delete and reinsert: 759192213234393088
759191265988653056
delete and reinsert: 759191265988653056
759185456818860032
delete and reinsert: 759185456818860032
ended date range: 2016-07-30 00:00:00-2016-09-01 00:00:00





started date range: 2016-08-30 00:00:00-2016-10-01 00:00:00
https://twitter.com/search?l=&q=from%3ArealDonaldTrump%20since%3A2016-08-30%20until%3A2016-10-01&src=typd&lang=en
781838706030313472
780781327050235905
780954455504199680
780758306239512577
780813996739981316
781678954570735616
781555624446418944
781949464152006657
781325613189754880
780863218646474757
780757611914391552
780859319319400448
781265981675036672
780876760086880256
780656338628145153
781619038699094016
781183298110230528
781186755177308165
781788223055994880
781333457477758976
780781898071207940
781755469488615424
780796008854876160
780642262921441280
780752274020761601
781785509639118848
780935820299599872
781784161044553728
780826236213927937
781861632167256064
780853860135006211
781926033159249920
780646830090641408
780783037743267840
781608228710785024
781280866634964992
781573427417128960
780644145492877312
780752731418009600
781922648645185536
780893126605037568
781111479974199296
781282739026735105
780766220618436608
781947646319665152
781992481160323072
781166581963296768
780719876335894528
781338220609073152
780861171238834176
ended date range: 2016-08-30 00:00:00-2016-10-01 00:00:00





started date range: 2016-09-29 00:00:00-2016-11-01 00:00:00
https://twitter.com/search?l=&q=from%3ArealDonaldTrump%20since%3A2016-09-29%20until%3A2016-11-01&src=typd&lang=en
792456539151806464
791643789609865216
792734426912337920
792031499075944448
792804645542305792
791642669256769536
792176315478609920
792049535195439104
791770795165057025
792054354991800320
791651860889427968
793165820889358338
792083605405171712
791768269615169538
792352376828993538
792176856086622208
792024896616407040
791643269109350400
792726526127067136
792939101494337540
792389892298780672
791818552600821761
792869550593146880
793129964476436480
792215485941186560
791738173462310912
793120426541056000
792537371291987968
791795308162408448
793155579019681792
791762650195632128
791722658358439936
792922071437287428
792868471734345728
791767413465419777
792787872789045248
791697302519947264
791653174994202624
792540629548933120
791746832686682112
791648893725450240
791748254991912960
792217215114342400
793193310219272198
792027901126406144
792728791743291392
792455164615544832
793167761509851137
792411187547734016
792409386073202688
791625798792974336
791458860930392065
791457576030535680
791398814049456128
791351142760321024
791233632593739776
791059759663288321
791043842124439552
791035128176844800
791030789001605126
791022438486343680
791017424426504192
790983039056769024
790951230906458113
790948782288596992
790936360953716736
790936027871477764
790927104921767940
790925669937123328
790924363348541445
790923701193768960
790730455129714688
790726388978515968
790712761407926272
790672365466316800
790671814276083712
790662999841333249
790654003981918208
790629257546379264
790621559920615424
790593186787840000
790592685144846336
790584855150997504
790582555871326208
790565076159922177
790557856806371328
790539740118446080
790534428942622721
790523240351498241
790378549395988480
790343997814403072
790343447987314692
790337063489040384
790268732354461696
790250615398133760
790229932341354496
790228805986217985
790227242500644864
790192053489729538
790174395985788929
790025084870287360
790016528011890688
790015269074792448
790011110984445952
789966670630715394
789943092564652032
789936850051932161
789917911821520898
789899250834534400
789893765397897216
789887588178006017
789886518303330304
789833922590957568
789828981197602816
789792909969195009
789792240390533124
789671091182632960
789668492480016384
789657808052621313
789631866714386432
789599646821806085
789596138462650372
789594671387447297
789590785733918721
789589818581848064
789573953144680448
789541345216036864
789540253791059974
789522551462428672
789520268972601344
789487320290430976
789226753831075841
789224624320028672
789202030493634560
789201022442962944
789196063819390976
789192459179790337
789192376002551810
789170710270742528
789157526378012672
789132223479947264
789117930801926148
789095747635572736
789001728632946688
788959791179767808
788957439542587392
788955427975393281
788954581346779136
788937644642213888
788935685088477185
788934601506889728
788932848317116416
788932604460347392
788931248672563200
788930977301090304
788930678255517696
788930515520724992
788930105976299521
788929804351385600
788929609458823168
788929328696348674
788928106950070272
788928050008207360
788926818162139136
788926328976187392
788925593051992065
788924731541958656
788923410353008640
788923253473419264
788922462733869056
788922326729367552
788921932523593728
788921907835830272
788921683629400064
788921604130562052
788920628535435265
788920482238038016
788920252931280896
788919918007758849
788919388850094080
788919099275390976
788918810040344576
788918790624948224
788918380082319360
788917570317320192
788917524322627585
788917347826278404
788917052337557505
788916346432000000
788915831094677507
788914975779663872
788914805583208449
788914665136922624
788913709313699840
788913564765478913
788913356656652289
788913202474000384
788912156234227712
788911161605443584
788910896026357761
788910201755742208
788909516775567360
788908831304654848
788907319434158080
788906847906304004
788904702528229376
788876733332062208
788866344733114368
788865913822916608
788854422105235456
788853838191075328
788852833810427905
788831347036917760
788824835019255808
788819370919157760
788804579106226176
788803495507832833
788803222496346112
788786885015457792
788786220671176704
788765196584038400
788552360326893568
788545364664070144
788543616926912512
788538743950938112
788538003836678144
788495515021299713
788468036541874176
788450384809340928
788440948275421184
788403448593002496
788402786970939392
788402585816276992
788342075582328832
788199901209452544
788193776577675264
788193441733808128
788150475258343424
788149137820614657
788144305701548032
788138062853332997
788133616593276928
788132030429233153
788123233442824192
788100107220709376
788098066075230208
788095098902962176
788050035539865600
788037987556794368
788036918764269568
788031447932215300
787995512448380928
787995025527410688
787993803504414720
787992753829478400
787991439196229632
787990502415167488
787783828358258688
787782613633208320
787779039079624704
787760670590791680
787758668565581824
787756849453989889
787748349898264576
787736416671367168
787699930718695425
787686533209939968
787686322001612800
787643017234636800
787642321072513024
787632098794467328
787618207444131840
787612552654155776
787444478512603136
787443829146353664
787443714239164416
787430717387055105
787425145489072128
787359730465329152
787355131062943744
787320961934688257
787320326573228032
787267564405653505
787266044213723138
787258211283918848
787244543003467776
787127225581707265
787099202291634177
787025537483046913
787012170630455297
786950598826532864
786737820669009921
786716631644897280
786710113163812864
786700864752914433
786691718062235649
786658827429154816
786589454991499264
786589172911964161
786565208663785476
786560925113266176
786554517680693248
786340623804751872
786310855843512320
786285509668696065
786204978629185536
786201435486781440
786189446274248704
786054986534969344
786007502639038464
785979396620324865
785957064480653313
785947219216125952
785913754194104320
785910334427058177
785898532645502980
785890855760465920
785885793340448769
785863826361184257
785854588654092290
785846205750337537
785842546878578688
785828772423561216
785816454042124288
785654535234531329
785608815962099712
785563318652178432
785561269571026946
785559022082658305
785530928256933888
785527400528568320
785323809062653952
785306782033907713
785306429250998272
785305058757971968
785304682960916480
785304300364922880
785303987700527104
785303736868560897
785303494551044097
785302681560748033
785301685157695492
785301286816210944
785300814051041281
785300490716348416
785298936751882240
785298212513021953
785296681847906306
785296480672382979
785296272890662912
785295867863568384
785295100674998272
785294546326417408
785293229390454784
785292868915236868
785292623623905280
785291804816052225
785291193194254336
785291077649588226
785290904093491200
785290517835841536
785289945837629440
785289587157504000
785286990153543681
785286584950198272
785274843042230280
785260151099961345
785245066881216512
785167148150820864
785148463868735488
785120729364922369
785118941974757376
785118735543767040
785118470753095680
785118235452665856
785118003696373762
785106800572063744
785102728334893056
784916001783709696
784840992734064641
784767399442653184
784609194234306560
784227699321634817
784216198259085312
784164902780882944
784150639689490432
784149222870351872
784133078969090049
784132532073881600
783885674575491073
783881566510546944
783880036172623873
783847514088824832
783842408949841921
783838014363623424
783808918824681472
783803924050350080
783803377977135104
783789606663778304
783779512425119744
783778741646270464
783776670339641344
783741835420110848
783738595987169280
783660227530862592
783495937708527616
783494014276218884
783493739486416896
783493582803972096
783492660128419840
783492506319069184
783491875885813761
783490959027732484
783490731964981248
783490308818337796
783489985718517760
783489376651137025
783488370110451712
783485391084978176
783485003795529728
783484550861037568
783483379966554114
783481240108146688
783480766231552000
783480681229799424
783480600724328448
783480517089828866
783480283752390656
783480144614658048
783479483873583105
783479122555080704
783478918087004160
783478348848574465
783477336645566464
783475795238858752
783475635712765952
783474976842059777
783473285535150080
783473247694102528
783472068796911616
783461358436089856
783459936361512960
783455640643514368
783452759462850560
783436108176629760
783393314309484544
783391423663964160
783149570721144832
783129603363659776
783065029172088832
783059449128759296
782946021957599232
782728287718150144
782701472685420544
782698760514207744
782553353242841088
782544407593619457
782541307168391168
782331741369462784
782330717539803136
782321125984436224
782264189574377472
781992481160323072
delete and reinsert: 781992481160323072
781949464152006657
delete and reinsert: 781949464152006657
781947646319665152
delete and reinsert: 781947646319665152
781926033159249920
delete and reinsert: 781926033159249920
781922648645185536
delete and reinsert: 781922648645185536
781861632167256064
delete and reinsert: 781861632167256064
781838706030313472
delete and reinsert: 781838706030313472
781788223055994880
delete and reinsert: 781788223055994880
781785509639118848
delete and reinsert: 781785509639118848
781755469488615424
delete and reinsert: 781755469488615424
781678954570735616
delete and reinsert: 781678954570735616
781619038699094016
delete and reinsert: 781619038699094016
781608228710785024
delete and reinsert: 781608228710785024
781573427417128960
delete and reinsert: 781573427417128960
781555624446418944
delete and reinsert: 781555624446418944
781338220609073152
delete and reinsert: 781338220609073152
781333457477758976
delete and reinsert: 781333457477758976
781325613189754880
delete and reinsert: 781325613189754880
781282739026735105
delete and reinsert: 781282739026735105
ended date range: 2016-09-29 00:00:00-2016-11-01 00:00:00



----------------------ENDED-----------------------
