




started date range: 2015-04-29 00:00:00-2015-06-01 00:00:00
https://twitter.com/search?l=&q=from%3ArealDonaldTrump%20since%3A2015-04-29%20until%3A2015-06-01&src=typd&lang=en
604962578171850753
604296923844059136
605094263244910592
604775575635525633
604826775030509568
604297412442755072
604379445680590849
604838076586856448
604120972032135168
605098331291959298
604296730402758658
604411222906265600
604911008486989824
604905356247101440
604027472062074880
604841582236475392
604025531907067905
605100620106878976
604022596603138048
604348068318855169
604906579197104128
604293365614657537
604911467880673280
604908529502302208
604909816021192704
604912323694866433
604279214448189441
604032923260579840
604368406956101632
604909338436730881
605094438784905217
604910048981196800
604907206652399616
604911370719625216
604911920609697792
604016434583326720
604374790942625792
604024764668252161
604912246725177344
604839640726687744
604824632701685760
604824429500211200
604778953061068803
604572866005348352
604371426984988672
604365826263764993
604115927790141440
604013420174786561
604009168547266561
604004235840229376
603893282104545280
603870999805833216
603870415216320512
603798707868434433
603789947989008385
603787489283862528
603784634665705474
603783872027955202
603755616599932929
603755204807413760
603754737142525952
603752124783185921
603751651648897024
603751406831607808
603750139417747457
603749973012905984
603749424406364160
603748404125114369
603748324651442176
603748098037383168
603747762065256448
603747711125426176
603747525296807937
603747361630846976
603747140247105536
603739021148364800
603738817837805569
603738384230699008
603738093401804800
603736795789062144
603736428695187456
603731769003769856
603730574071693312
603716218470666240
603716121791959040
603715882158796801
603710403856728065
603641737408598017
603641476984250368
603631984506707969
603631285777596417
603604778573242369
603601573034467328
603599092095307776
603543448545812480
603427160922128384
603426547060625408
603421868268384256
603421658142113792
603421428759801856
603421265022574592
603420998944333824
603418930632327168
603364305115971585
603363810817265665
603363509120966658
603363343508893697
603362659824705537
603361519192174592
603361138160599040
603360532150788096
603360207121559552
603360147319201792
603360027852808192
603358943017046016
603358499087745025
603358447946567680
603357979749044224
603357923314638848
603357617600253955
603309709236510720
603290019676168193
603279849814433792
603279413464190977
603278895119474688
603275253310169088
603265744080625664
603245110046896128
603168898058452993
603168846372036608
603168600304832512
603168329642156032
603168137329119232
603167635258343424
603167442400092160
603167301920235520
603024944377831424
603024473743302656
603023241511329792
603022945276055552
603022682666442754
603021974173032450
603020947751329793
603020123797069824
603019884398796800
603019455745101825
603018818881982464
603018101135953920
602995572166041601
602992523989094400
602992056575913984
602987096064659456
602985288135217152
602799595744305152
602798057965641729
602797921780822016
602797845746442240
602797535716110337
602797310129664002
602778782202724352
602770509948919809
602571404861636608
602309292826468353
602296438907871234
602292429597888512
602291828696719360
602291740113039361
602291292618530816
602260364546408448
602260040611921920
602259624125931520
602259534384603136
602258539776745472
602258323010920448
602257527263404034
602257227353825280
602255639025426433
602254978158309376
602254043260542977
602253954060279808
602253425963859968
602253219272720384
602253088318214145
602252701381087232
601967503242301440
601966364081926144
601966046862532609
601966010128826368
601965773565865984
601965182626172928
601965081941909504
601964920750616576
601964106187411456
601964042345959425
601963451683069952
601963004842868736
601962318637981696
601958470473142272
601780898711863296
601779145627033600
601778632277778432
601765352817729536
601551956117708800
601550588401319938
601548849904234497
601545879280025600
601544572498509824
601543639819546625
601541321699041280
601540613276860416
601539182234902528
601537150086176768
601536575672057857
601535689696620544
601480187113512960
601475946064060419
601475176929308673
601475080766521344
601463717033709568
601456028136308737
601452419822669824
601436279075512320
601429648220823552
601419686941749248
601415592411815936
601318728286998528
601318474087038976
601317911291109376
601317582507999232
601316387164946433
601301134339346432
601300860946243585
601300321680392192
601299275956498432
601295251609931777
601295102351380480
601294850005278721
601294090181967873
601272885978767360
601271731202953216
601271606166626305
601271379888050176
601270989209608193
601270908997734401
601270625051811841
601270492146880512
601270074918445057
601269635363840000
601269189945499648
601268921744887809
601268477110910976
601268067759448064
601267374105460736
601266141286268928
601265939754131456
601265847236227072
601265719007944704
601264786605809664
601264400390062080
601209341862137856
601209070322896897
601207932487868416
601207604535304194
601207568090865664
601207470263017472
601207217694597120
601206727015542785
601206619398082560
601204211251023874
601203852868788224
601196905041891328
601155815467307009
601127546533650432
601125496022310912
601122165531025409
601120861882621955
601119137008656384
601117623695364096
601112388184707074
601078271221080064
601068505681756160
601065955855376384
601026570904567809
601026339110592512
600993273994412033
600973281261391872
600972130470203392
600962527623815168
600962446124285953
600962311591956480
600961740873048065
600961355504611328
600960384443543552
600956481597497344
600955636793405440
600948854595461120
600948052682211328
600947888475250688
600929031605854209
600928842069467137
600924282303156225
600875165728276480
600874098831523840
600873723625865217
600873319487950848
600873027539206144
600871808003383296
600870984112013312
600783533171441664
600773841925885952
600769071639068672
600751739831095297
600750729775591424
600750431417999360
600743104908496896
600732734668025856
600713998124847106
600698164589502464
600686895090278400
600679562515714048
600668030889234432
600662631045844992
600546510464536576
600545619263037440
600494356328480768
600485861634002945
600485611804467200
600482053818294272
600481901196025856
600481504439959553
600481227532062722
600481115426725888
600480724555300864
600479624343199744
600391253583335426
600359460356419585
600357343029637121
600310476875157504
600307986616209408
600307541306941440
600306931769733121
600273447663607808
600272452988592129
600272304711532544
600263428725460992
600262007154188288
600261848252948480
600261706850430976
600261616949719040
600260933127151616
600260837488664578
600260735986487296
600247542190866432
600246828588736512
600244184046505984
600242748332101632
600241917717258240
600129760635813888
600129605505294336
600129413779423232
600128091390873601
600125543116382208
600125297397211136
600124250498977792
600117133184466944
600106413889855488
600104542114480128
599984503503880194
599923725350391808
599923448148799488
599923030765215744
599694586240307200
599694497316909057
599693595579322369
599693412539863040
599693213096542208
599693035920752640
599692699860471808
599690950504361985
599687913304031233
599686925365088256
599686764035313664
599685668260827139
599685246150279169
599661839329435648
599595317240176640
599552595980521472
599552286373720064
599551633681321984
599344999411625984
599308913771687939
599300814772002816
599278310011641856
599273788220506112
599271503096586240
599202613666697217
599198219856388096
599035010180579332
599021681735270400
599021364310351873
599021238095319041
599021076958552064
599021002639679489
599019686286774273
599019119200043008
598939958666272768
598930524611153920
598840362027917313
598839792604942337
598839429332127744
598839076842799105
598838937310867457
598838611577085952
598838215617990656
598836996400934912
598835103507324928
598587170249670656
598582205464608768
598577282115084288
598574534774661121
598565836866113539
598563928176721920
598552948357083136
598548233934270464
598545766630686721
598483131478450177
598475321856385024
598473815195262977
598463630288560128
598462317945315329
598328562739970048
598324947140902912
598322726168895488
598318260724064256
598316012350607360
598315097803640832
598299315912716288
598294864149815296
598294748231766016
598294512377667584
598225004258533376
598220951873069057
598219168001949697
598214246187573249
598213252636631040
598201131370680322
598196245971230722
598196023907983360
598195607883350016
598195057397800960
598193454557061121
598193010048897024
598192156491255808
598188263954866176
598140917787262977
598110553186422784
598008549801877504
598007240847728640
598005390954102784
598000667953930240
597993941594693632
597992721802993664
597992288535650304
597910903007371265
597909275843887104
597906025283477506
597889563831496704
597843823889383424
597831508557180932
597777168421228544
597761366187970561
597733310417248256
597732659578691584
597731127890173952
597717624978571264
597717053647249408
597710186338455552
597704656287100928
597697408462626816
597592893755392000
597592771252346880
597591675439951872
597591440286416896
597591106994446337
597430422642028544
597409757499129857
597408848673144832
597408544057643008
597408124341981184
597402750083825664
597321778562801664
597320371285716993
597316139119681537
597013002605441024
597010928262053888
597010531610992641
597010273124360192
597010052705300480
597009496116977664
597009048358232064
597008822021038081
597006827335852032
597004683966820353
596967464413601793
596967076746698752
596886188411265024
596881151177990144
596880670670065664
596880484946354176
596879946120826880
596878515536027649
596798390337466369
596772245525155842
596770592088526849
596769115613896705
596765057008148480
596758375209246720
596752356592766977
596722846115704832
596719433466413056
596638692694953984
596514841008955392
596513933789437953
596513833549725696
596505399748071424
596394875412680707
596338822373343233
596338364187602944
596332619144495105
596314089640570881
596305482756788225
596304822929874945
596304379281600512
596304205826158594
596304057163198465
596095488581095424
596094348690923520
596085198938316800
596084122436657152
596068674731114496
596039557876973568
596024194330144768
595935310023946241
595817007255281664
595816578807115776
595815011810996226
595814830466015232
595814767740264449
595813553644433408
595813426372472836
595813016685387776
595812491705327618
595810637680345088
595807064322134016
595806866543874049
595806810738728960
595806739229978625
595806596195819523
595806265206566913
595806100261318656
595805763030884354
595803825392459776
595801973733076993
595777899556380672
595777400966926336
595762207448768513
595760967167913985
595757357260533760
595756999159246851
595756888526090242
595756537349541888
595724082685042688
595723990825570304
595723873519276032
595723624981606402
595723478055165953
595721656401813504
595720309417877506
595691340790419456
595681314222780416
595676144726364160
595667255792402437
595667055715733504
595630994385932288
595586679827734528
595582000398004225
595414437139521536
595414106070491136
595414049749340161
595412315945750528
595410681828093952
595409217059737603
595408867959447552
595408626845667328
595408580918018048
595408067115778048
595407986916466689
595407855664103426
595406508378173440
595405208030715905
595405143430078465
595405077210333185
595404051925307395
595401112880021506
595361601051619328
595359634875092993
595353928532946944
595326447989981186
595326264002682883
595317548259872768
595310578282995712
595304360248225793
595300899389612033
595290666571329536
595283063250247680
595269357468520449
595268013445795841
595198807555584000
595196993238114304
595188824088694784
595186427291394049
595184394781986817
595050936487301120
595050331140141056
595047898494181376
595024899636342784
595004295734505473
594965038315757568
594963283548975107
594927430722265088
594927323985633280
594924282217652224
594924104563687424
594923443591720961
594658196972638208
594657683472449536
594657549766365184
594655028347965440
594654695223742465
594654501254012928
594637318754992128
594635693806092288
594635398992662528
594631903874977794
594629414991736834
594629335870373888
594628565636812800
594628470639988736
594627848960225280
594627498836504577
594625999741984768
594625773933174784
594619359584129025
594615808673718273
594613186453581825
594610767107751936
594454645331730433
594374608364507136
594374255447441409
594369850635489280
594327851794464768
594288873712128000
594282932027559936
594254016445448193
594253861021360129
594253786312351745
594253616422105088
594250628370567168
594250051796373504
594240384617721856
594238664839811073
594236771400949761
594235147739729920
594234987685089280
594230567866011648
594228755276562432
594227327749390336
594227011490484225
594226777230286848
594226100965744641
594225210879922176
594215024127684608
594214114525745152
594212005155745792
594211800872280064
594209650477793281
594204409707503616
594198491271962624
594188557251702784
594175807603482624
594170698588921856
594164281207365633
594163626988204032
594163516266938368
594151632079687680
594150369569026048
594144659032576001
594143380109590528
594140021826854912
594139327879196672
594138265768230912
594135925736611840
593795702658072576
delete and reinsert: 593795702658072576
593792690896121856
delete and reinsert: 593792690896121856
593759163009859584
delete and reinsert: 593759163009859584
593758819362185217
delete and reinsert: 593758819362185217
593758566403670017
delete and reinsert: 593758566403670017
593756829815074817
delete and reinsert: 593756829815074817
593756395792642049
delete and reinsert: 593756395792642049
593756167437955072
delete and reinsert: 593756167437955072
593755935950118913
delete and reinsert: 593755935950118913
593754281808961539
delete and reinsert: 593754281808961539
593753125300871168
delete and reinsert: 593753125300871168
593752775407890433
delete and reinsert: 593752775407890433
593752475263442944
delete and reinsert: 593752475263442944
593751071530602497
delete and reinsert: 593751071530602497
593749230281424896
delete and reinsert: 593749230281424896
593748234721488896
delete and reinsert: 593748234721488896
593648204329136128
delete and reinsert: 593648204329136128
593600769372336131
delete and reinsert: 593600769372336131
593600173592436736
delete and reinsert: 593600173592436736
593599179349426176
delete and reinsert: 593599179349426176
593598555643846656
delete and reinsert: 593598555643846656
593519160384040960
delete and reinsert: 593519160384040960
593517272179736577
delete and reinsert: 593517272179736577
593502053411893249
delete and reinsert: 593502053411893249
593493411317063680
delete and reinsert: 593493411317063680
593491784535285761
delete and reinsert: 593491784535285761
593440088723447808
delete and reinsert: 593440088723447808
593387739460083712
delete and reinsert: 593387739460083712
593386547266879490
delete and reinsert: 593386547266879490
593384783104909313
delete and reinsert: 593384783104909313
593329466606223362
delete and reinsert: 593329466606223362
593321095027150848
delete and reinsert: 593321095027150848
593211460412710912
delete and reinsert: 593211460412710912
ended date range: 2015-04-29 00:00:00-2015-06-01 00:00:00





started date range: 2015-05-30 00:00:00-2015-07-01 00:00:00
https://twitter.com/search?l=&q=from%3ArealDonaldTrump%20since%3A2015-05-30%20until%3A2015-07-01&src=typd&lang=en
615487581992714240
615673348362776576
615476204624322560
615676859586641920
615675218758107137
615866741994954752
615880366344302593
615488546951012352
615614367497912322
616016438097219585
615999426511941632
615920613878824960
615985981196513280
615676141618262016
615673651569012741
615920970763771904
615481567281025027
615921665139175424
615861274929446912
615878479691796480
615977483557543937
615696911937470465
615478545796734976
615478032241926144
615674101110337536
615477390878330880
615675385515257856
615575119046512640
615477671305314305
615479780834717696
615485019503620097
615986664083746817
615675993160818689
615672487116972032
615487918459723776
616008789800656896
615696545288200197
615488793387376640
615920310097965056
615480224977920000
615671523118944256
615676500411551745
615556392351608832
615695653155524610
615878768272502784
615679104545882114
615697430420566016
615478336383504384
615670520634327040
615676708147044353
615475359073574912
615474552638980096
615472795150065664
615328534215696385
615302294847029248
615299494339592196
615270675125772288
615266577282375681
615265007962619905
615253800086040576
615249994556252160
615249868622274560
615245708568997889
615245663656366080
615245447427424256
615245371388903425
615244070655541248
615243882675220480
615155937117118464
615155444957507584
615154594943995904
615153997276663808
615153736785207297
615145446227492864
615144852028813318
615144592086827008
615144489154424832
615144402030305281
615139466643116036
615139213609148416
615139076799352832
615138517216325632
615138083227467777
615137832835878912
615137183138193408
615136600574423041
615136384819421184
614959116008718336
614896212261642240
614889476448497664
614888285207461888
614855471934087168
614854814464405504
614854478446100480
614851071136124928
614845734278533120
614844928095559681
614822949368016896
614808452297326592
614807981188710401
614804475291770880
614714183255498752
614526331737411585
614472830969880576
614451323568824320
614434874179616768
614434531861512193
614077526181314560
614077418089922560
614077300624257025
614061233839448065
614059828416221185
614047677458841601
614046334325235712
614045285724102656
613913121644806149
613912324588634112
613908916871790592
613907745318825985
613906707094310912
613906588869468160
613906254390554624
613893532793892864
613892121347682305
613891332944302080
613888145956995072
613874381438218240
613871326793728000
613868265689993218
613854459328761856
613854310292590593
613854211940335616
613854092327161856
613854015634325504
613814933860519936
613814243171926016
613811922199281664
613788696266047489
613729699106267136
613728505789042688
613712380464353283
613681129967747072
613539481967312896
613472632785240064
613449061761458176
613412633237176320
613400615914446848
613369632397914112
613367031950348288
613354055155515392
613339673105170432
613168577793912832
613168109596372992
613167802334224385
613123918531022848
613116506927464448
613098869971402752
613088668505505792
613088019885740032
613087701642936320
613085817427333123
613073899505500160
613069021668356096
613059647210156032
613055410669490176
613054662594461696
613046248782868480
613032931460784128
613024248572026880
613022549824405504
613019681142784004
612997261031776256
612993201046179841
612991587291922432
612989191459368960
612986008091656193
612980864671219712
612978659490664448
612972184827359232
612932881623711744
612930889920684032
612792497065037825
612792007203885056
612791807680860160
612790604616085506
612790446138499076
612790311992053760
612789901768196096
612789756288737280
612789232902492160
612789102749052928
612788621863690240
612788435099758592
612787081975320576
612786719117717504
612785894395912192
612785627260657664
612784754077888512
612784548548624384
612783705648709632
612781764130570240
612781661261025284
612781540645466112
612769697235386368
612759913127890944
612752222879920128
612751831681368064
612750614414630917
612748954925670401
612691071416573953
612669906006470656
612646529338376192
612575011057045504
612571429402451968
612570891445256197
612569658202419201
612437809647996928
612424168055939072
612417679073386496
612416763561689088
612415976890593284
612406758351478788
612404012269309952
612397495528869888
612396884943089664
612359835649212416
612083064945180672
612076000529268736
612066176294866945
612063082186174464
611998039700578304
611994802289307648
611994465931264000
611967410992730113
611934473060532226
611934327581077504
611934171695611909
611934068050108416
611906972586262528
611905206608117760
611904788901560320
611903255149453312
611891451241328640
611882125462274048
611880259609305088
611879436321980416
611868911588392960
611868608302428161
611868290789568512
611868117153640449
611867927730589696
611866828277706752
611866284914012160
611865763494936576
611865653910315008
611865619068243968
611864962382843904
611702296200744960
611639234475245569
611607511670616064
611588010614915072
611578826745847809
611573051348660224
611562073735188481
611306567154147328
611227708790566912
611203138100588544
611200270203273216
611184868823842816
611169313312112640
611014779885486080
610989232723730432
610978553790861313
610967340465946624
610965584415735809
610888547839672321
610869258432720896
610860383318974465
610838591242137600
610823707079110657
610822040241721344
610821240694173696
610817065964990464
610809354619617280
610794978055467010
610794115316498432
610785062599139328
610784050060632065
610722477044551680
610712329462882304
610712286873952257
610712147199397888
610711969247719424
610711915552206848
610711874921984000
610711577503920129
610711327846330368
610710925088301056
610710861448114176
610710792846053376
610710697140441088
610710626269306880
610710557285556224
610704441872883712
610704372415229952
610525417175425024
610487918478671873
610487629952491520
610486116110704641
610485299781726208
610484783420997632
610484421943271425
610460571775991808
610453887829573632
610414404157501440
610412391579426816
610412254647988224
610411840976326656
610411545386950656
610409134886907904
610404593911132161
610193828776165376
610145224229302273
610020598190878720
610019516039479296
609999543581691904
609998947235561472
609998845947289601
609998075910860800
609997702622019585
609997022607843328
609995255312707584
609925443341393920
609924322933780481
609855671799033857
609823516670693379
609763035796893696
609533574170181632
609531856892096512
609531537374191617
609527240611753984
609526009940082688
609460206305693697
609459089878421504
609458639661871104
609458011715829760
609457439579222016
609457143230648321
609456677738385408
609456216381739008
609446762055639041
609445069914042369
609444113541394433
609444067919986688
609421349468160000
609406106159476736
609400408214216704
609399877966143488
609399072097718275
609390082823483392
609389020280393729
609388571951239168
609388325380689920
609387510297444352
609385580569436161
609385376789209089
609384954485719040
609375920818929664
609362600955125760
609225876694257664
609225303043481600
609224365255852032
609223544833212416
609222942472425473
609177995576741888
609177800038289408
609175092787048448
609174738359824384
609173340792729600
609099376041058305
609099216221298688
609099113276297218
609092061535567872
609089376631582721
609080895249743872
609018922130538497
609005946065555456
608993054943539201
608981890440278016
608651291011756032
608366535653097472
608360446970707971
608358004602380289
608356809317969922
608324403278036992
608277407615827968
608271330052599808
608265868846501888
608069074984304640
607985477602443264
607700233011757056
607699901867278336
607655425064992768
607650240355811329
607642978396577793
607468995151851521
607468453503627264
607468271298846720
607467243446927360
607393939704967169
607393835723964416
607392890352992256
607392366106931201
607392313954996224
607372848710221824
607343109584920576
607337555277840384
607336969350324225
607336443401388032
607335271089250304
607332699578220545
607332047523336192
607281766479601664
607057978634682368
607057790583107584
607057708420866048
607056416931758081
607055795570806784
607054915735851008
607051086688616448
607046830229233665
607046694396678145
607045800082972673
607045309500375040
607043020324773888
606924701630386176
606923196365946881
606919822434287616
606915921958060033
606913358147780609
606912384029097984
606911820092305408
606910380410077184
606907454610382848
606899053536899074
606896080748453889
606895063147413504
606872666264453121
606820209794629632
606796266346004480
606710485766033408
606708892085678080
606708139950514176
606707307267751936
606706692814970881
606704663530991616
606679734517399552
606678852388143105
606676628857581568
606674404723015682
606671767696982016
606670546202411008
606653667681398784
606653631388086272
606653582633521152
606653552472289280
606593154729525248
606592335061897216
606588393229840384
606543339773521920
606535917906587649
606529554233085952
606494053765660672
606493170675929089
606492637881888769
606224672053731331
606224591040741377
606187688463618048
606182607857008640
606180594456887296
606172248995692544
606161941032271872
606158326053916672
606127164916961280
606125803420700672
606106893606625280
606081336273707009
606081186239250433
606079164324696064
605979792173899777
605839171404455936
605804758100631552
605730973771280384
605715357836410880
605714818910306304
605714776178737152
605712657124106240
605621402205597696
605618621218476032
605617545882796032
605617383835860992
605617182400212992
605617056663379969
605616942418915328
605520882954588162
605513053124345857
605511794229133312
605511612078936064
605507792787677185
605507586159427584
605455528974819328
605454865213628416
605454607775625216
605432217876197376
605424081584967680
605414846558007296
605411810632736768
605408625461460993
605408374969253888
605404118329532417
605403799054893056
605392279067574272
605376713091072000
605376614172639232
605355489497612288
605355038488313856
605335318192091136
605335287150034945
605318676955439104
605311537255956480
605171976257314816
605170620998029314
605170369671143424
605169912894660608
605100620106878976
delete and reinsert: 605100620106878976
605098331291959298
delete and reinsert: 605098331291959298
605094263244910592
delete and reinsert: 605094263244910592
604962578171850753
delete and reinsert: 604962578171850753
604912323694866433
delete and reinsert: 604912323694866433
604912246725177344
delete and reinsert: 604912246725177344
604911920609697792
delete and reinsert: 604911920609697792
604911467880673280
delete and reinsert: 604911467880673280
604911370719625216
delete and reinsert: 604911370719625216
604911008486989824
delete and reinsert: 604911008486989824
604910048981196800
delete and reinsert: 604910048981196800
604909816021192704
delete and reinsert: 604909816021192704
604909338436730881
delete and reinsert: 604909338436730881
604908529502302208
delete and reinsert: 604908529502302208
604907206652399616
delete and reinsert: 604907206652399616
604906604560039936
604906579197104128
delete and reinsert: 604906579197104128
604906210115133440
604905356247101440
delete and reinsert: 604905356247101440
604841582236475392
delete and reinsert: 604841582236475392
604839640726687744
delete and reinsert: 604839640726687744
604838076586856448
delete and reinsert: 604838076586856448
604826775030509568
delete and reinsert: 604826775030509568
604824632701685760
delete and reinsert: 604824632701685760
604824429500211200
delete and reinsert: 604824429500211200
604778953061068803
delete and reinsert: 604778953061068803
604775575635525633
delete and reinsert: 604775575635525633
604572866005348352
delete and reinsert: 604572866005348352
ended date range: 2015-05-30 00:00:00-2015-07-01 00:00:00





started date range: 2015-06-29 00:00:00-2015-08-01 00:00:00
https://twitter.com/search?l=&q=from%3ArealDonaldTrump%20since%3A2015-06-29%20until%3A2015-08-01&src=typd&lang=en
626125709606580224
626841343269191685
626542911409287169
626391374263357440
626104985571491840
627216462533554181
627115018795008000
626496148031864833
626375770856927232
626140315116830721
626116620646264833
626905352508981250
627111487392382976
626510812765650944
626508731073867776
626839550170632192
626453353741053952
626369805432553472
626508802041507840
626904854900928512
626099804746219520
626354370150563840
626111367603294208
626255224341196800
626587800574521345
626454877246496773
626390337360142336
626396205505888256
626587613386940417
626838824363106304
626501426244624385
626851685986639872
626353485303410688
626544737252704256
626832248386531328
626786365221535744
627111250980438016
626472516027027456
626371654541778944
626372849301876736
627149559022678017
626496102754328576
627197243557343232
626832749668622340
626368678343364609
626587420843229184
626092670801309696
626741703299481600
627110603384037376
626162593988759552
626090075445563392
626079024373202946
626071954550857728
626068052891836416
626065365236363264
626060739850203136
626054033158066176
626037537350524928
625879958628474880
625869427377065984
625869142592212992
625868192506888192
625867062351687680
625840156516483072
625838055782510592
625817348264562688
625816370849181696
625811106985037824
625785228796260353
625784624283787264
625783437220282368
625775972160290817
625772928416763904
625763412333719552
625761359179984898
625755141682122753
625753618797457408
625748754684116992
625748584709885956
625745369188671488
625745101160103937
625743861277659136
625740256743161856
625737518621851649
625737299406536704
625736562211426305
625735772767920128
625734308066668544
625728738920153088
625727665903898624
625721118230474753
625719965090488320
625719546968702976
625718345325744128
625482024107810816
625481341006671872
625479125483036673
625479083053420544
625478912513024000
625478235804073984
625478108423004169
625477818596618240
625477744730710016
625477601541390336
625477544964440068
625477401242398720
625477224750260225
625271689761419264
625271449926901760
625271349028745216
625271298718081024
625270879497400320
625270640635977728
625269852836642816
625269520077332481
625269369967349761
625268819930558465
625268583342456832
625137360091652096
625137122614378496
625135775567466496
625135670319783936
625135247512989696
625128359572426752
625126907680571392
625126611009052673
625126577135841280
625126428632317952
625126394075418624
625126136461291521
625125907158683648
625125795195920384
625125472297439232
625124988480307201
625124708304953344
625124672229781504
625124026894184448
625123822853844992
625123522315186176
625123443118358528
625116052440137728
625111135042281472
624995569757519872
624991894762823680
624987427808124928
624976148527742978
624970463106723841
624935615449186304
624931238030262272
624915616164659200
624915364720312320
624914662296059904
624914263757455360
624911432979755008
624907873781420032
624907525431934977
624905907865059328
624905839611113476
624905433627652096
624904391020163072
624897650157035520
624892077118234624
624890843669876736
624890318534615040
624699154397327360
624682208691908608
624677764147335169
624666907090751488
624656142589894656
624655647976591362
624652963882115072
624650721024155648
624649956876525568
624649197543944193
624648326135287808
624644833274109952
624639363473915904
624637008699375617
624636805401452544
624629669430738944
624622286843199489
624620904836796416
624618921300103168
624615301695410177
624578800190406657
624570551093338112
624559182608506881
624408613570899968
624408409761316865
624406907487428610
624402452863938560
624401334494740480
624339334729191424
624322488038633473
624315485404835840
624310493230952453
624267324305055744
624235520915316737
624230781024645120
624228848637509633
624227844684664832
624224476566323200
624218128013238272
624215568191782912
624214340330221568
624214253583646720
624210787456950272
624208069057245184
624204207856439297
624166285363015681
624149212796715008
624143740005949440
624070865274183680
624057125715755010
624056825558773760
624050557829955584
624049925924487168
624048146100977664
624046726161285123
624046374972182528
624046072403488769
624045741422604288
624043819558924288
624041402633187330
624041335780175872
624041097900228608
624039780653903872
624036035043962880
624035899760881665
623990461334728704
623939145992421376
623931297698705408
623925416026316800
623914513763565568
623911355737899009
623905580856528896
623904081287999488
623869868107022336
623863040254021632
623858523412279296
623844047392796672
623842582368534528
623680477434658816
623678124736270336
623677915415343104
623673971880390656
623673816171065344
623673775566024704
623672779720785920
623672453949210628
623658175611412480
623657837676396544
623657131217166337
623650953036726272
623650581333340160
623626439506677761
623609561228951552
623596678302593028
623583175919464449
623563358801952769
623561467779006464
623561192909443073
623534318867116033
623528210979028992
623520977591402496
623507779798597634
623504689414471681
623500394686251008
623496370855538688
623495570531987456
623461350442946561
623458033063038977
623372340517306368
623371898504790016
623371784151269379
623370449381146624
623370287988494336
623370210712657920
623369830578671616
623369466076905472
623369316910632960
623368699681095680
623368394637737985
623367930764464128
623367395214802944
623366869492350977
623366592177537024
623366298358165504
623365785738702848
623364499127582720
623362512759689216
623310233369231360
623309553459953664
623309386388271104
623309021546721280
623308897626030080
623308503487250432
623307265131610112
623307226590093312
623306685726261248
623306533397471232
623305935029714945
623301709692071936
623292509188431872
623292410827829249
623291531781382144
623290958260633600
623290494915878912
623290184780619776
623289480976461824
623289208547971073
623289032273981440
623273160507531264
623226932872773632
623172172966703104
623170920945983488
623166164135505921
623164663023423488
623159198956810241
623158804738387968
623158383768682498
623156677769056256
623151595333779456
623150946282029056
623148027579113472
623136748718137344
623136587241664512
622953604475957248
622953429200207872
622952664117157888
622952622765568000
622952164923691009
622952128588460033
622952060481310720
622951871469195264
622951483672293376
622950930133188608
622943172654702592
622942008940863489
622941873573883905
622941820864057344
622941644120301569
622941415459450880
622941231706976257
622919491366854656
622875242814423040
622874325436223488
622841801859334144
622713036122554368
622711436272398336
622627429153157120
622626898972123136
622626736614821888
622626665185832960
622626632172457984
622621762023518208
622545987219910656
622507858714841088
622500678380990464
622478895560962048
622470019482550272
622469994220273664
622469841954414592
622469784278564864
622469714502094848
622469683476889601
622465729737138176
622465668978491392
622465590901514240
622465431018864640
622407831442993154
622406423121506304
622404796880793600
622402845770264576
622401553022894081
622399905441583104
622395510536581121
622255229778554880
622255108642897920
622254725749063680
622254608790847488
622253760023138304
622251935077265409
622251895352983552
622230585025646592
622229432149934082
622160499183091712
622119926749351937
622119695844536321
622119471424143360
622106109000712192
622106025831866368
622105933506809856
622096536504107008
622096413149802496
622096255083261952
622082571816538112
621980726137913344
621980529873788928
621979974556381184
621978771156008960
621787043748823040
621783757532626944
621783444083884037
621781334592241665
621780913161113600
621778553001086980
621778112100106240
621772953596727296
621772160839905281
621771929570148352
621770572108795905
621769901691113472
621768615520440321
621761403825860608
621758815277588480
621754604028624896
621754009460850688
621752582122434560
621750471187935232
621750026155487234
621739157698834433
621738359988310017
621736275683446784
621735115895517184
621734516764344320
621733784023638016
621733667690430464
621701004254388225
621696429749325825
621696302800371712
621692354685202432
621681195315822592
621673904122294272
621669173534584833
621668102275731456
621624949179068416
621622877092249601
621616289828745216
621424671452463104
621422076478492676
621413516860370944
621409383705133056
621336220421984256
621333869422346240
621333806511955968
621330950258061312
621200878045937664
621200439439163392
621127518398083072
621121953060024320
621055976175706112
621000497974149120
620994157004357632
620973741900726272
620973281152208896
620971054442397698
620966492667047936
620957579729084416
620950955073388544
620946792184705025
620939800888127488
620915312972681216
620915238964199424
620915204885487616
620914834503278592
620914052374659072
620811893863747584
620703480995557376
620673787265175552
620672963499675648
620669070980083713
620667683898556416
620639851864543232
620629766140469249
620629175897096193
620628919071473664
620627311579275264
620627249394491392
620622673522114561
620548053045542913
620546522556534784
620545104525307904
620443960020963328
620427436937904128
620415905672118272
620414942450200576
620391296251916288
620389447977320448
620388576765870081
620339062055010304
620337666912059392
620221421755736064
620220652189040640
620075915477942272
620034067644481536
619945962572787712
619944326118920192
619912867148615680
619908415486361600
619881532849688576
619881244482863105
619837646261518336
619837474492125185
619837318199795712
619837179586457600
619837054755606528
619836625074302976
619836327006081026
619835937611120640
619835174369398789
619834683069632512
619833208729829376
619833008162406400
619784061339439104
619783695982043136
619783568177393664
619783344625205249
619734914750025729
619733816618291204
619684281833639937
619654744471117824
619646907468632064
619589152091303936
619572191047360512
619555417211969536
619536394575314944
619519322332000256
619518594309865472
619507570584219648
619497692293541889
619438897341333504
619323936308875264
619264618825969664
619257185076445184
619253372428791808
619250103413571584
619220020766330880
619218062995230720
619215839531769856
619215137434640384
619214585158070272
619212651948830721
619210340639899648
619208998793949185
619201586695417858
619195073658515457
619192336707395584
619192203953479680
619192063687569412
619191996142501888
619186980799315969
619186684748558341
619185644905078785
619183330253250561
619139139733209089
619137627619504128
619136831423180800
619135211121561600
619117890491518977
619117783465463808
619117653760847872
619116974883389440
619116814040219648
619116650613329920
619116301705969664
619116090501799936
619105146128179201
619102432648413184
618890698448711680
618866429891317761
618863745922674688
618863687995117568
618834822375579648
618815370628059136
618810296233291776
618804164978737153
618790175041290240
618789259621847040
618786996610273280
618783991756406784
618781454995202048
618780146078720000
618780047244181505
618774181510033408
618742043444166656
618562596904542208
618561604611915776
618559022359281664
618552478653616128
618540086976716800
618527838489153537
618453567691747328
618443159547322368
618442681098891264
618417050193653760
618270248811266048
618251315253248000
618250232132968452
618229195181826049
618229058896293888
618216980433248257
618215638104940544
618162634324615168
618136007561621504
618105803917131776
617889488702939136
617866041314672641
617861420743528448
617861131311403013
617861074478604289
617860969772003328
617860899030859776
617857470933913600
617852272807137280
617717983826329600
617715390504943617
617710113562972160
617707428839325696
617705622251917312
617629598004719616
617628172331405312
617626774499930112
617618236474064896
617612748734746625
617612673384058880
617524402498994176
617524182394531841
617524063150469120
617523343114280960
617522637259075584
617522475023396864
617522360342695936
617522139646816256
617480564535369728
617468202583502848
617467289911341056
617467097208242176
617466953377169408
617466046824480769
617465935369256960
617465661384716292
617465465737191424
617465381108715520
617465154138193921
617465065147625472
617463901190533120
617463533362618368
617463485283364864
617463439150198784
617463122853560320
617462847182872576
617462735706693632
617462640785387520
617462467514511360
617462169685348352
617461697754853376
617461296955527168
617460560372834304
617460280436592640
617460107945857024
617458174375915520
617458102263279617
617457710439792640
617456607295881216
617436507658391552
617435650112004097
617321449968300032
617321142852952064
617316544150917120
617303298396291076
617180958442278912
617180407256190976
617179343949697025
617178956622639104
617178567642906624
617178533065064448
617178312503390208
617178148724195329
617177958306959360
617165750541938688
617112869302366208
617112173186314240
617109832630452224
617109797738049536
617109472562032641
617101738122866688
617100445379633152
617093560123437056
617092492786278400
617079022145654784
617042193602248704
617041106186948608
617004605302571012
616930042120118272
616926822949855232
616904674285879296
616904584330674177
616904480735522816
616904123401773056
616903730693320705
616903571825627137
616903414287568896
616901407728402432
616901105906266112
616900910455881728
616900314306867201
616900238419329024
616900042268483584
616899513207422976
616898901614981120
616897546024304640
616825413998899200
616825115012132864
616824197252296704
616823652462542848
616821369288945664
616805993939365888
616778214875267072
616777577680740352
616777482419703808
616777079691022336
616777038100340736
616776856944160769
616776683014750208
616775875858669568
616775708170420224
616775544777084928
616775296793079808
616775140899180544
616774351833165824
616732359359115265
616694712213176320
616693070969577473
616691675176534016
616690625648422912
616689939242184704
616689542607839232
616688843434139648
616687162017345540
616685854485028864
616682744660262913
616680096976535553
616679552891387904
616679013109604352
616678081965752321
616677694026199040
616677302009729024
616676651041202176
616674967137202176
616673803435966465
616672730319069185
616671272932655105
616667451275747329
616664410380193793
616646192609558528
616631816938778624
616624797527764992
616624633312354304
616593580669407232
616593122630443008
616592995471728640
616592924051140608
616592860100579328
616591942382698496
616591833834127360
616591728745836544
616591134605856768
616590921690427392
616572530711756801
616572270069293057
616572034408169472
616423211991986176
616423043540385792
616422415845998592
616403542950195200
616372691130523649
616364960604647424
616353457889505280
616353325336928256
616353051432079360
616352974818906112
616339143912747009
616331813003337728
616328900885524480
616290244753760262
616290130916155392
616265476616900608
616016438097219585
delete and reinsert: 616016438097219585
616008789800656896
delete and reinsert: 616008789800656896
615999426511941632
delete and reinsert: 615999426511941632
615986664083746817
delete and reinsert: 615986664083746817
615985981196513280
delete and reinsert: 615985981196513280
615977483557543937
delete and reinsert: 615977483557543937
615921665139175424
delete and reinsert: 615921665139175424
615920970763771904
delete and reinsert: 615920970763771904
615920613878824960
delete and reinsert: 615920613878824960
615920310097965056
delete and reinsert: 615920310097965056
615880366344302593
delete and reinsert: 615880366344302593
615878768272502784
delete and reinsert: 615878768272502784
615878479691796480
delete and reinsert: 615878479691796480
615866741994954752
delete and reinsert: 615866741994954752
615861274929446912
delete and reinsert: 615861274929446912
615697430420566016
delete and reinsert: 615697430420566016
615696911937470465
delete and reinsert: 615696911937470465
615696545288200197
delete and reinsert: 615696545288200197
615695653155524610
delete and reinsert: 615695653155524610
615679104545882114
delete and reinsert: 615679104545882114
615676859586641920
delete and reinsert: 615676859586641920
615676708147044353
delete and reinsert: 615676708147044353
615676500411551745
delete and reinsert: 615676500411551745
615676141618262016
delete and reinsert: 615676141618262016
615675993160818689
delete and reinsert: 615675993160818689
615675385515257856
delete and reinsert: 615675385515257856
615675218758107137
delete and reinsert: 615675218758107137
615674101110337536
delete and reinsert: 615674101110337536
615673651569012741
delete and reinsert: 615673651569012741
615673348362776576
delete and reinsert: 615673348362776576
615672487116972032
delete and reinsert: 615672487116972032
615671523118944256
delete and reinsert: 615671523118944256
615670520634327040
delete and reinsert: 615670520634327040
615614367497912322
delete and reinsert: 615614367497912322
615575119046512640
delete and reinsert: 615575119046512640
615488793387376640
delete and reinsert: 615488793387376640
615488546951012352
delete and reinsert: 615488546951012352
615487918459723776
delete and reinsert: 615487918459723776
615487581992714240
delete and reinsert: 615487581992714240
615485019503620097
delete and reinsert: 615485019503620097
615481567281025027
delete and reinsert: 615481567281025027
615480224977920000
delete and reinsert: 615480224977920000
615479780834717696
delete and reinsert: 615479780834717696
615478545796734976
delete and reinsert: 615478545796734976
615478336383504384
delete and reinsert: 615478336383504384
615478032241926144
delete and reinsert: 615478032241926144
615477671305314305
delete and reinsert: 615477671305314305
615477390878330880
delete and reinsert: 615477390878330880
615476204624322560
delete and reinsert: 615476204624322560
615475359073574912
delete and reinsert: 615475359073574912
615474552638980096
delete and reinsert: 615474552638980096
615472795150065664
delete and reinsert: 615472795150065664
615328534215696385
delete and reinsert: 615328534215696385
ended date range: 2015-06-29 00:00:00-2015-08-01 00:00:00



